t,Tref,u,T1,e
0.000000000000000000e+00,5.000000000000000000e+01,1.000000000000000000e+02,2.325100000000000122e+01,2.674899999999999878e+01
1.000000000000000000e+00,5.000000000000000000e+01,1.000000000000000000e+02,2.347700000000000031e+01,2.652299999999999969e+01
2.000000000000000000e+00,5.000000000000000000e+01,1.000000000000000000e+02,2.334799999999999898e+01,2.665200000000000102e+01
3.000000000000000000e+00,5.000000000000000000e+01,1.000000000000000000e+02,2.347700000000000031e+01,2.652299999999999969e+01
4.000000000000000000e+00,5.000000000000000000e+01,1.000000000000000000e+02,2.344399999999999906e+01,2.655600000000000094e+01
5.000000000000000000e+00,5.000000000000000000e+01,1.000000000000000000e+02,2.347700000000000031e+01,2.652299999999999969e+01
6.000000000000000000e+00,5.000000000000000000e+01,1.000000000000000000e+02,2.347700000000000031e+01,2.652299999999999969e+01
7.000000000000000000e+00,5.000000000000000000e+01,1.000000000000000000e+02,2.344399999999999906e+01,2.655600000000000094e+01
8.000000000000000000e+00,5.000000000000000000e+01,1.000000000000000000e+02,2.354100000000000037e+01,2.645899999999999963e+01
9.000000000000000000e+00,5.000000000000000000e+01,1.000000000000000000e+02,2.350900000000000034e+01,2.649099999999999966e+01
1.000000000000000000e+01,5.000000000000000000e+01,1.000000000000000000e+02,2.373400000000000176e+01,2.626599999999999824e+01
1.100000000000000000e+01,5.000000000000000000e+01,1.000000000000000000e+02,2.370200000000000173e+01,2.629799999999999827e+01
1.200000000000000000e+01,5.000000000000000000e+01,1.000000000000000000e+02,2.379899999999999949e+01,2.620100000000000051e+01
1.300000000000000000e+01,5.000000000000000000e+01,1.000000000000000000e+02,2.379899999999999949e+01,2.620100000000000051e+01
1.400000000000000000e+01,5.000000000000000000e+01,1.000000000000000000e+02,2.396000000000000085e+01,2.603999999999999915e+01
1.500000000000000000e+01,5.000000000000000000e+01,1.000000000000000000e+02,2.386299999999999955e+01,2.613700000000000045e+01
1.600000000000000000e+01,5.000000000000000000e+01,1.000000000000000000e+02,2.415299999999999869e+01,2.584700000000000131e+01
1.700000000000000000e+01,5.000000000000000000e+01,1.000000000000000000e+02,2.412099999999999866e+01,2.587900000000000134e+01
1.800000000000000000e+01,5.000000000000000000e+01,1.000000000000000000e+02,2.441100000000000136e+01,2.558899999999999864e+01
1.900000000000000000e+01,5.000000000000000000e+01,1.000000000000000000e+02,2.447599999999999909e+01,2.552400000000000091e+01
2.000000000000000000e+01,5.000000000000000000e+01,1.000000000000000000e+02,2.470100000000000051e+01,2.529899999999999949e+01
2.100000000000000000e+01,5.000000000000000000e+01,1.000000000000000000e+02,2.470100000000000051e+01,2.529899999999999949e+01
2.200000000000000000e+01,5.000000000000000000e+01,1.000000000000000000e+02,2.499099999999999966e+01,2.500900000000000034e+01
2.300000000000000000e+01,5.000000000000000000e+01,1.000000000000000000e+02,2.505600000000000094e+01,2.494399999999999906e+01
2.400000000000000000e+01,5.000000000000000000e+01,1.000000000000000000e+02,2.521699999999999875e+01,2.478300000000000125e+01
2.500000000000000000e+01,5.000000000000000000e+01,1.000000000000000000e+02,2.537800000000000011e+01,2.462199999999999989e+01
2.600000000000000000e+01,5.000000000000000000e+01,1.000000000000000000e+02,2.550700000000000145e+01,2.449299999999999855e+01
2.700000000000000000e+01,5.000000000000000000e+01,1.000000000000000000e+02,2.576500000000000057e+01,2.423499999999999943e+01
2.800000000000000000e+01,5.000000000000000000e+01,1.000000000000000000e+02,2.586100000000000065e+01,2.413899999999999935e+01
2.900000000000000000e+01,5.000000000000000000e+01,1.000000000000000000e+02,2.605499999999999972e+01,2.394500000000000028e+01
3.000000000000000000e+01,5.000000000000000000e+01,1.000000000000000000e+02,2.634499999999999886e+01,2.365500000000000114e+01
3.100000000000000000e+01,5.000000000000000000e+01,1.000000000000000000e+02,2.657000000000000028e+01,2.342999999999999972e+01
3.200000000000000000e+01,5.000000000000000000e+01,1.000000000000000000e+02,2.673100000000000165e+01,2.326899999999999835e+01
3.300000000000000000e+01,5.000000000000000000e+01,1.000000000000000000e+02,2.689300000000000068e+01,2.310699999999999932e+01
3.400000000000000000e+01,5.000000000000000000e+01,1.000000000000000000e+02,2.724699999999999989e+01,2.275300000000000011e+01
3.500000000000000000e+01,5.000000000000000000e+01,1.000000000000000000e+02,2.734400000000000119e+01,2.265599999999999881e+01
3.600000000000000000e+01,5.000000000000000000e+01,1.000000000000000000e+02,2.760200000000000031e+01,2.239799999999999969e+01
3.700000000000000000e+01,5.000000000000000000e+01,1.000000000000000000e+02,2.785900000000000176e+01,2.214099999999999824e+01
3.800000000000000000e+01,5.000000000000000000e+01,1.000000000000000000e+02,2.808500000000000085e+01,2.191499999999999915e+01
3.900000000000000000e+01,5.000000000000000000e+01,1.000000000000000000e+02,2.831099999999999994e+01,2.168900000000000006e+01
4.000000000000000000e+01,5.000000000000000000e+01,1.000000000000000000e+02,2.856800000000000139e+01,2.143199999999999861e+01
4.100000000000000000e+01,5.000000000000000000e+01,1.000000000000000000e+02,2.882600000000000051e+01,2.117399999999999949e+01
4.200000000000000000e+01,5.000000000000000000e+01,1.000000000000000000e+02,2.901999999999999957e+01,2.098000000000000043e+01
4.300000000000000000e+01,5.000000000000000000e+01,1.000000000000000000e+02,2.927700000000000102e+01,2.072299999999999898e+01
4.400000000000000000e+01,5.000000000000000000e+01,1.000000000000000000e+02,2.956700000000000017e+01,2.043299999999999983e+01
4.500000000000000000e+01,5.000000000000000000e+01,1.000000000000000000e+02,2.979299999999999926e+01,2.020700000000000074e+01
4.600000000000000000e+01,5.000000000000000000e+01,1.000000000000000000e+02,3.005099999999999838e+01,1.994900000000000162e+01
4.700000000000000000e+01,5.000000000000000000e+01,1.000000000000000000e+02,3.027599999999999980e+01,1.972400000000000020e+01
4.800000000000000000e+01,5.000000000000000000e+01,1.000000000000000000e+02,3.053399999999999892e+01,1.946600000000000108e+01
4.900000000000000000e+01,5.000000000000000000e+01,1.000000000000000000e+02,3.069500000000000028e+01,1.930499999999999972e+01
5.000000000000000000e+01,5.000000000000000000e+01,1.000000000000000000e+02,3.101800000000000068e+01,1.898199999999999932e+01
5.100000000000000000e+01,5.000000000000000000e+01,1.000000000000000000e+02,3.121099999999999852e+01,1.878900000000000148e+01
5.200000000000000000e+01,5.000000000000000000e+01,1.000000000000000000e+02,3.153300000000000125e+01,1.846699999999999875e+01
5.300000000000000000e+01,5.000000000000000000e+01,1.000000000000000000e+02,3.182300000000000040e+01,1.817699999999999960e+01
5.400000000000000000e+01,5.000000000000000000e+01,1.000000000000000000e+02,3.208100000000000307e+01,1.791899999999999693e+01
5.500000000000000000e+01,5.000000000000000000e+01,1.000000000000000000e+02,3.233899999999999864e+01,1.766100000000000136e+01
5.600000000000000000e+01,5.000000000000000000e+01,1.000000000000000000e+02,3.250000000000000000e+01,1.750000000000000000e+01
5.700000000000000000e+01,5.000000000000000000e+01,1.000000000000000000e+02,3.282200000000000273e+01,1.717799999999999727e+01
5.800000000000000000e+01,5.000000000000000000e+01,1.000000000000000000e+02,3.311200000000000188e+01,1.688799999999999812e+01
5.900000000000000000e+01,5.000000000000000000e+01,1.000000000000000000e+02,3.349900000000000233e+01,1.650099999999999767e+01
6.000000000000000000e+01,5.000000000000000000e+01,1.000000000000000000e+02,3.378900000000000148e+01,1.621099999999999852e+01
6.100000000000000000e+01,5.000000000000000000e+01,1.000000000000000000e+02,3.404699999999999704e+01,1.595300000000000296e+01
6.200000000000000000e+01,5.000000000000000000e+01,1.000000000000000000e+02,3.433700000000000330e+01,1.566299999999999670e+01
6.300000000000000000e+01,5.000000000000000000e+01,1.000000000000000000e+02,3.462700000000000244e+01,1.537299999999999756e+01
6.400000000000000000e+01,5.000000000000000000e+01,1.000000000000000000e+02,3.475600000000000023e+01,1.524399999999999977e+01
6.500000000000000000e+01,5.000000000000000000e+01,1.000000000000000000e+02,3.507800000000000296e+01,1.492199999999999704e+01
6.600000000000000000e+01,5.000000000000000000e+01,1.000000000000000000e+02,3.536800000000000210e+01,1.463199999999999790e+01
6.700000000000000000e+01,5.000000000000000000e+01,1.000000000000000000e+02,3.572299999999999898e+01,1.427700000000000102e+01
6.800000000000000000e+01,5.000000000000000000e+01,1.000000000000000000e+02,3.597999999999999687e+01,1.402000000000000313e+01
6.900000000000000000e+01,5.000000000000000000e+01,1.000000000000000000e+02,3.630299999999999727e+01,1.369700000000000273e+01
7.000000000000000000e+01,5.000000000000000000e+01,1.000000000000000000e+02,3.639900000000000091e+01,1.360099999999999909e+01
7.100000000000000000e+01,5.000000000000000000e+01,1.000000000000000000e+02,3.681799999999999784e+01,1.318200000000000216e+01
7.200000000000000000e+01,5.000000000000000000e+01,1.000000000000000000e+02,3.714099999999999824e+01,1.285900000000000176e+01
7.300000000000000000e+01,5.000000000000000000e+01,1.000000000000000000e+02,3.733400000000000318e+01,1.266599999999999682e+01
7.400000000000000000e+01,5.000000000000000000e+01,1.000000000000000000e+02,3.765599999999999881e+01,1.234400000000000119e+01
7.500000000000000000e+01,5.000000000000000000e+01,1.000000000000000000e+02,3.797899999999999920e+01,1.202100000000000080e+01
7.600000000000000000e+01,5.000000000000000000e+01,1.000000000000000000e+02,3.814000000000000057e+01,1.185999999999999943e+01
7.700000000000000000e+01,5.000000000000000000e+01,1.000000000000000000e+02,3.855899999999999750e+01,1.144100000000000250e+01
7.800000000000000000e+01,5.000000000000000000e+01,1.000000000000000000e+02,3.871999999999999886e+01,1.128000000000000114e+01
7.900000000000000000e+01,5.000000000000000000e+01,1.000000000000000000e+02,3.900999999999999801e+01,1.099000000000000199e+01
8.000000000000000000e+01,5.000000000000000000e+01,1.000000000000000000e+02,3.929999999999999716e+01,1.070000000000000284e+01
8.100000000000000000e+01,5.000000000000000000e+01,1.000000000000000000e+02,3.959000000000000341e+01,1.040999999999999659e+01
8.200000000000000000e+01,5.000000000000000000e+01,1.000000000000000000e+02,3.991199999999999903e+01,1.008800000000000097e+01
8.300000000000000000e+01,5.000000000000000000e+01,1.000000000000000000e+02,4.013799999999999812e+01,9.862000000000001876e+00
8.400000000000000000e+01,5.000000000000000000e+01,1.000000000000000000e+02,4.039600000000000080e+01,9.603999999999999204e+00
8.500000000000000000e+01,5.000000000000000000e+01,1.000000000000000000e+02,4.058899999999999864e+01,9.411000000000001364e+00
8.600000000000000000e+01,5.000000000000000000e+01,1.000000000000000000e+02,4.091100000000000136e+01,9.088999999999998636e+00
8.700000000000000000e+01,5.000000000000000000e+01,1.000000000000000000e+02,4.123299999999999699e+01,8.767000000000003013e+00
8.800000000000000000e+01,5.000000000000000000e+01,1.000000000000000000e+02,4.155599999999999739e+01,8.444000000000002615e+00
8.900000000000000000e+01,5.000000000000000000e+01,1.000000000000000000e+02,4.168500000000000227e+01,8.314999999999997726e+00
9.000000000000000000e+01,5.000000000000000000e+01,1.000000000000000000e+02,4.200699999999999790e+01,7.993000000000002103e+00
9.100000000000000000e+01,5.000000000000000000e+01,1.000000000000000000e+02,4.223199999999999932e+01,7.768000000000000682e+00
9.200000000000000000e+01,5.000000000000000000e+01,1.000000000000000000e+02,4.252199999999999847e+01,7.478000000000001535e+00
9.300000000000000000e+01,5.000000000000000000e+01,1.000000000000000000e+02,4.281300000000000239e+01,7.186999999999997613e+00
9.400000000000000000e+01,5.000000000000000000e+01,1.000000000000000000e+02,4.294100000000000250e+01,7.058999999999997499e+00
9.500000000000000000e+01,5.000000000000000000e+01,1.000000000000000000e+02,4.319899999999999807e+01,6.801000000000001933e+00
9.600000000000000000e+01,5.000000000000000000e+01,1.000000000000000000e+02,4.342499999999999716e+01,6.575000000000002842e+00
9.700000000000000000e+01,5.000000000000000000e+01,1.000000000000000000e+02,4.364999999999999858e+01,6.350000000000001421e+00
9.800000000000000000e+01,5.000000000000000000e+01,1.000000000000000000e+02,4.406900000000000261e+01,5.930999999999997385e+00
9.900000000000000000e+01,5.000000000000000000e+01,1.000000000000000000e+02,4.416599999999999682e+01,5.834000000000003183e+00
1.000000000000000000e+02,5.000000000000000000e+01,1.000000000000000000e+02,4.445600000000000307e+01,5.543999999999996930e+00
1.010000000000000000e+02,5.000000000000000000e+01,1.000000000000000000e+02,4.464900000000000091e+01,5.350999999999999091e+00
1.020000000000000000e+02,5.000000000000000000e+01,1.000000000000000000e+02,4.493900000000000006e+01,5.060999999999999943e+00
1.030000000000000000e+02,5.000000000000000000e+01,1.000000000000000000e+02,4.529399999999999693e+01,4.706000000000003070e+00
1.040000000000000000e+02,5.000000000000000000e+01,1.000000000000000000e+02,4.545499999999999829e+01,4.545000000000001705e+00
1.050000000000000000e+02,5.000000000000000000e+01,1.000000000000000000e+02,4.574499999999999744e+01,4.255000000000002558e+00
1.060000000000000000e+02,5.000000000000000000e+01,1.000000000000000000e+02,4.603499999999999659e+01,3.965000000000003411e+00
1.070000000000000000e+02,5.000000000000000000e+01,1.000000000000000000e+02,4.632500000000000284e+01,3.674999999999997158e+00
1.080000000000000000e+02,5.000000000000000000e+01,1.000000000000000000e+02,4.664699999999999847e+01,3.353000000000001535e+00
1.090000000000000000e+02,5.000000000000000000e+01,1.000000000000000000e+02,4.684100000000000108e+01,3.158999999999998920e+00
1.100000000000000000e+02,5.000000000000000000e+01,1.000000000000000000e+02,4.696999999999999886e+01,3.030000000000001137e+00
1.110000000000000000e+02,5.000000000000000000e+01,1.000000000000000000e+02,4.725999999999999801e+01,2.740000000000001990e+00
1.120000000000000000e+02,5.000000000000000000e+01,1.000000000000000000e+02,4.764600000000000080e+01,2.353999999999999204e+00
1.130000000000000000e+02,5.000000000000000000e+01,1.000000000000000000e+02,4.780799999999999983e+01,2.192000000000000171e+00
1.140000000000000000e+02,5.000000000000000000e+01,1.000000000000000000e+02,4.803300000000000125e+01,1.966999999999998749e+00
1.150000000000000000e+02,5.000000000000000000e+01,1.000000000000000000e+02,4.825900000000000034e+01,1.740999999999999659e+00
1.160000000000000000e+02,5.000000000000000000e+01,1.000000000000000000e+02,4.848400000000000176e+01,1.515999999999998238e+00
1.170000000000000000e+02,5.000000000000000000e+01,1.000000000000000000e+02,4.871000000000000085e+01,1.289999999999999147e+00
1.180000000000000000e+02,5.000000000000000000e+01,1.000000000000000000e+02,4.900000000000000000e+01,1.000000000000000000e+00
1.190000000000000000e+02,5.000000000000000000e+01,1.000000000000000000e+02,4.925800000000000267e+01,7.419999999999973284e-01
1.200000000000000000e+02,5.000000000000000000e+01,1.000000000000000000e+02,4.941899999999999693e+01,5.810000000000030695e-01
1.210000000000000000e+02,5.000000000000000000e+01,1.000000000000000000e+02,4.961200000000000188e+01,3.879999999999981242e-01
1.220000000000000000e+02,5.000000000000000000e+01,1.000000000000000000e+02,4.990200000000000102e+01,9.799999999999897682e-02
1.230000000000000000e+02,5.000000000000000000e+01,1.000000000000000000e+02,5.019200000000000017e+01,-1.920000000000001705e-01
1.240000000000000000e+02,5.000000000000000000e+01,1.000000000000000000e+02,5.035399999999999920e+01,-3.539999999999992042e-01
1.250000000000000000e+02,5.000000000000000000e+01,1.000000000000000000e+02,5.067600000000000193e+01,-6.760000000000019327e-01
1.260000000000000000e+02,5.000000000000000000e+01,1.000000000000000000e+02,5.086899999999999977e+01,-8.689999999999997726e-01
1.270000000000000000e+02,5.000000000000000000e+01,1.000000000000000000e+02,5.099799999999999756e+01,-9.979999999999975557e-01
1.280000000000000000e+02,5.000000000000000000e+01,1.000000000000000000e+02,5.122399999999999665e+01,-1.223999999999996646e+00
1.290000000000000000e+02,5.000000000000000000e+01,1.000000000000000000e+02,5.141700000000000159e+01,-1.417000000000001592e+00
1.300000000000000000e+02,5.000000000000000000e+01,1.000000000000000000e+02,5.160999999999999943e+01,-1.609999999999999432e+00
1.310000000000000000e+02,5.000000000000000000e+01,1.000000000000000000e+02,5.183599999999999852e+01,-1.835999999999998522e+00
1.320000000000000000e+02,5.000000000000000000e+01,1.000000000000000000e+02,5.218999999999999773e+01,-2.189999999999997726e+00
1.330000000000000000e+02,5.000000000000000000e+01,1.000000000000000000e+02,5.238400000000000034e+01,-2.384000000000000341e+00
1.340000000000000000e+02,5.000000000000000000e+01,1.000000000000000000e+02,5.251299999999999812e+01,-2.512999999999998124e+00
1.350000000000000000e+02,5.000000000000000000e+01,1.000000000000000000e+02,5.283500000000000085e+01,-2.835000000000000853e+00
1.360000000000000000e+02,5.000000000000000000e+01,1.000000000000000000e+02,5.302799999999999869e+01,-3.027999999999998693e+00
1.370000000000000000e+02,5.000000000000000000e+01,1.000000000000000000e+02,5.315699999999999648e+01,-3.156999999999996476e+00
1.380000000000000000e+02,5.000000000000000000e+01,1.000000000000000000e+02,5.344700000000000273e+01,-3.447000000000002728e+00
1.390000000000000000e+02,5.000000000000000000e+01,1.000000000000000000e+02,5.373700000000000188e+01,-3.737000000000001876e+00
1.400000000000000000e+02,5.000000000000000000e+01,1.000000000000000000e+02,5.377000000000000313e+01,-3.770000000000003126e+00
1.410000000000000000e+02,5.000000000000000000e+01,1.000000000000000000e+02,5.409199999999999875e+01,-4.091999999999998749e+00
1.420000000000000000e+02,5.000000000000000000e+01,1.000000000000000000e+02,5.422099999999999653e+01,-4.220999999999996533e+00
1.430000000000000000e+02,5.000000000000000000e+01,1.000000000000000000e+02,5.441400000000000148e+01,-4.414000000000001478e+00
1.440000000000000000e+02,5.000000000000000000e+01,1.000000000000000000e+02,5.470400000000000063e+01,-4.704000000000000625e+00
1.450000000000000000e+02,5.000000000000000000e+01,1.000000000000000000e+02,5.489699999999999847e+01,-4.896999999999998465e+00
1.460000000000000000e+02,5.000000000000000000e+01,1.000000000000000000e+02,5.505899999999999750e+01,-5.058999999999997499e+00
1.470000000000000000e+02,5.000000000000000000e+01,1.000000000000000000e+02,5.538100000000000023e+01,-5.381000000000000227e+00
1.480000000000000000e+02,5.000000000000000000e+01,1.000000000000000000e+02,5.547800000000000153e+01,-5.478000000000001535e+00
1.490000000000000000e+02,5.000000000000000000e+01,1.000000000000000000e+02,5.570300000000000296e+01,-5.703000000000002956e+00
1.500000000000000000e+02,5.000000000000000000e+01,1.000000000000000000e+02,5.599300000000000210e+01,-5.993000000000002103e+00
1.510000000000000000e+02,5.000000000000000000e+01,1.000000000000000000e+02,5.618699999999999761e+01,-6.186999999999997613e+00
1.520000000000000000e+02,5.000000000000000000e+01,1.000000000000000000e+02,5.631499999999999773e+01,-6.314999999999997726e+00
1.530000000000000000e+02,5.000000000000000000e+01,1.000000000000000000e+02,5.647699999999999676e+01,-6.476999999999996760e+00
1.540000000000000000e+02,5.000000000000000000e+01,1.000000000000000000e+02,5.667000000000000171e+01,-6.670000000000001705e+00
1.550000000000000000e+02,5.000000000000000000e+01,1.000000000000000000e+02,5.692799999999999727e+01,-6.927999999999997272e+00
1.560000000000000000e+02,5.000000000000000000e+01,1.000000000000000000e+02,5.715299999999999869e+01,-7.152999999999998693e+00
1.570000000000000000e+02,5.000000000000000000e+01,1.000000000000000000e+02,5.731400000000000006e+01,-7.314000000000000057e+00
1.580000000000000000e+02,5.000000000000000000e+01,1.000000000000000000e+02,5.753999999999999915e+01,-7.539999999999999147e+00
1.590000000000000000e+02,5.000000000000000000e+01,1.000000000000000000e+02,5.776599999999999824e+01,-7.765999999999998238e+00
1.600000000000000000e+02,5.000000000000000000e+01,1.000000000000000000e+02,5.786200000000000188e+01,-7.862000000000001876e+00
1.610000000000000000e+02,5.000000000000000000e+01,1.000000000000000000e+02,5.815200000000000102e+01,-8.152000000000001023e+00
1.620000000000000000e+02,5.000000000000000000e+01,1.000000000000000000e+02,5.828099999999999881e+01,-8.280999999999998806e+00
1.630000000000000000e+02,5.000000000000000000e+01,1.000000000000000000e+02,5.850699999999999790e+01,-8.506999999999997897e+00
1.640000000000000000e+02,5.000000000000000000e+01,1.000000000000000000e+02,5.860399999999999920e+01,-8.603999999999999204e+00
1.650000000000000000e+02,5.000000000000000000e+01,1.000000000000000000e+02,5.882900000000000063e+01,-8.829000000000000625e+00
1.660000000000000000e+02,5.000000000000000000e+01,1.000000000000000000e+02,5.902199999999999847e+01,-9.021999999999998465e+00
1.670000000000000000e+02,5.000000000000000000e+01,1.000000000000000000e+02,5.921600000000000108e+01,-9.216000000000001080e+00
1.680000000000000000e+02,5.000000000000000000e+01,1.000000000000000000e+02,5.934499999999999886e+01,-9.344999999999998863e+00
1.690000000000000000e+02,5.000000000000000000e+01,1.000000000000000000e+02,5.957000000000000028e+01,-9.570000000000000284e+00
1.700000000000000000e+02,5.000000000000000000e+01,1.000000000000000000e+02,5.979599999999999937e+01,-9.795999999999999375e+00
1.710000000000000000e+02,5.000000000000000000e+01,1.000000000000000000e+02,5.998899999999999721e+01,-9.988999999999997215e+00
1.720000000000000000e+02,5.000000000000000000e+01,1.000000000000000000e+02,6.018299999999999983e+01,-1.018299999999999983e+01
1.730000000000000000e+02,5.000000000000000000e+01,1.000000000000000000e+02,6.031199999999999761e+01,-1.031199999999999761e+01
1.740000000000000000e+02,5.000000000000000000e+01,1.000000000000000000e+02,6.050500000000000256e+01,-1.050500000000000256e+01
1.750000000000000000e+02,5.000000000000000000e+01,1.000000000000000000e+02,6.060199999999999676e+01,-1.060199999999999676e+01
1.760000000000000000e+02,5.000000000000000000e+01,1.000000000000000000e+02,6.085900000000000176e+01,-1.085900000000000176e+01
1.770000000000000000e+02,5.000000000000000000e+01,1.000000000000000000e+02,6.111699999999999733e+01,-1.111699999999999733e+01
1.780000000000000000e+02,5.000000000000000000e+01,1.000000000000000000e+02,6.118200000000000216e+01,-1.118200000000000216e+01
1.790000000000000000e+02,5.000000000000000000e+01,1.000000000000000000e+02,6.134300000000000352e+01,-1.134300000000000352e+01
1.800000000000000000e+02,5.000000000000000000e+01,1.000000000000000000e+02,6.150399999999999778e+01,-1.150399999999999778e+01
1.810000000000000000e+02,5.000000000000000000e+01,1.000000000000000000e+02,6.182600000000000051e+01,-1.182600000000000051e+01
1.820000000000000000e+02,5.000000000000000000e+01,1.000000000000000000e+02,6.189099999999999824e+01,-1.189099999999999824e+01
1.830000000000000000e+02,5.000000000000000000e+01,1.000000000000000000e+02,6.205199999999999960e+01,-1.205199999999999960e+01
1.840000000000000000e+02,5.000000000000000000e+01,1.000000000000000000e+02,6.214800000000000324e+01,-1.214800000000000324e+01
1.850000000000000000e+02,5.000000000000000000e+01,1.000000000000000000e+02,6.227700000000000102e+01,-1.227700000000000102e+01
1.860000000000000000e+02,5.000000000000000000e+01,1.000000000000000000e+02,6.247099999999999653e+01,-1.247099999999999653e+01
1.870000000000000000e+02,5.000000000000000000e+01,1.000000000000000000e+02,6.269599999999999795e+01,-1.269599999999999795e+01
1.880000000000000000e+02,5.000000000000000000e+01,1.000000000000000000e+02,6.282500000000000284e+01,-1.282500000000000284e+01
1.890000000000000000e+02,5.000000000000000000e+01,1.000000000000000000e+02,6.308299999999999841e+01,-1.308299999999999841e+01
1.900000000000000000e+02,5.000000000000000000e+01,1.000000000000000000e+02,6.311500000000000199e+01,-1.311500000000000199e+01
1.910000000000000000e+02,5.000000000000000000e+01,1.000000000000000000e+02,6.340500000000000114e+01,-1.340500000000000114e+01
1.920000000000000000e+02,5.000000000000000000e+01,1.000000000000000000e+02,6.343800000000000239e+01,-1.343800000000000239e+01
1.930000000000000000e+02,5.000000000000000000e+01,1.000000000000000000e+02,6.372800000000000153e+01,-1.372800000000000153e+01
1.940000000000000000e+02,5.000000000000000000e+01,1.000000000000000000e+02,6.375999999999999801e+01,-1.375999999999999801e+01
1.950000000000000000e+02,5.000000000000000000e+01,1.000000000000000000e+02,6.408199999999999363e+01,-1.408199999999999363e+01
1.960000000000000000e+02,5.000000000000000000e+01,1.000000000000000000e+02,6.408199999999999363e+01,-1.408199999999999363e+01
1.970000000000000000e+02,5.000000000000000000e+01,1.000000000000000000e+02,6.440399999999999636e+01,-1.440399999999999636e+01
1.980000000000000000e+02,5.000000000000000000e+01,1.000000000000000000e+02,6.443699999999999761e+01,-1.443699999999999761e+01
1.990000000000000000e+02,5.000000000000000000e+01,1.000000000000000000e+02,6.462999999999999545e+01,-1.462999999999999545e+01
2.000000000000000000e+02,5.000000000000000000e+01,1.000000000000000000e+02,6.475900000000000034e+01,-1.475900000000000034e+01
2.010000000000000000e+02,5.000000000000000000e+01,1.000000000000000000e+02,6.501699999999999591e+01,-1.501699999999999591e+01
2.020000000000000000e+02,5.000000000000000000e+01,1.000000000000000000e+02,6.501699999999999591e+01,-1.501699999999999591e+01
2.030000000000000000e+02,5.000000000000000000e+01,1.000000000000000000e+02,6.517799999999999727e+01,-1.517799999999999727e+01
2.040000000000000000e+02,5.000000000000000000e+01,1.000000000000000000e+02,6.533899999999999864e+01,-1.533899999999999864e+01
2.050000000000000000e+02,5.000000000000000000e+01,1.000000000000000000e+02,6.553199999999999648e+01,-1.553199999999999648e+01
2.060000000000000000e+02,5.000000000000000000e+01,1.000000000000000000e+02,6.569299999999999784e+01,-1.569299999999999784e+01
2.070000000000000000e+02,5.000000000000000000e+01,1.000000000000000000e+02,6.569299999999999784e+01,-1.569299999999999784e+01
2.080000000000000000e+02,5.000000000000000000e+01,1.000000000000000000e+02,6.595099999999999341e+01,-1.595099999999999341e+01
2.090000000000000000e+02,5.000000000000000000e+01,1.000000000000000000e+02,6.604800000000000182e+01,-1.604800000000000182e+01
2.100000000000000000e+02,5.000000000000000000e+01,1.000000000000000000e+02,6.633799999999999386e+01,-1.633799999999999386e+01
2.110000000000000000e+02,5.000000000000000000e+01,1.000000000000000000e+02,6.640200000000000102e+01,-1.640200000000000102e+01
2.120000000000000000e+02,5.000000000000000000e+01,9.848839999999984229e+01,6.653100000000000591e+01,-1.653100000000000591e+01
2.130000000000000000e+02,5.000000000000000000e+01,8.924440000000004147e+01,6.665999999999999659e+01,-1.665999999999999659e+01
2.140000000000000000e+02,5.000000000000000000e+01,8.125440000000008922e+01,6.672499999999999432e+01,-1.672499999999999432e+01
2.150000000000000000e+02,5.000000000000000000e+01,7.062719999999984566e+01,6.691800000000000637e+01,-1.691800000000000637e+01
2.160000000000000000e+02,5.000000000000000000e+01,6.122840000000002192e+01,6.704699999999999704e+01,-1.704699999999999704e+01
2.170000000000000000e+02,5.000000000000000000e+01,4.981959999999986621e+01,6.727200000000000557e+01,-1.727200000000000557e+01
2.180000000000000000e+02,5.000000000000000000e+01,4.223759999999981574e+01,6.730500000000000682e+01,-1.730500000000000682e+01
2.190000000000000000e+02,5.000000000000000000e+01,3.268400000000002592e+01,6.743399999999999750e+01,-1.743399999999999750e+01
2.200000000000000000e+02,5.000000000000000000e+01,2.307879999999994425e+01,6.756300000000000239e+01,-1.756300000000000239e+01
2.210000000000000000e+02,5.000000000000000000e+01,1.474800000000010414e+01,6.762699999999999534e+01,-1.762699999999999534e+01
2.220000000000000000e+02,5.000000000000000000e+01,7.044399999999882311e+00,6.765900000000000603e+01,-1.765900000000000603e+01
2.230000000000000000e+02,5.000000000000000000e+01,0.000000000000000000e+00,6.791700000000000159e+01,-1.791700000000000159e+01
2.240000000000000000e+02,5.000000000000000000e+01,0.000000000000000000e+00,6.794899999999999807e+01,-1.794899999999999807e+01
2.250000000000000000e+02,5.000000000000000000e+01,0.000000000000000000e+00,6.807800000000000296e+01,-1.807800000000000296e+01
2.260000000000000000e+02,5.000000000000000000e+01,0.000000000000000000e+00,6.827100000000000080e+01,-1.827100000000000080e+01
2.270000000000000000e+02,5.000000000000000000e+01,0.000000000000000000e+00,6.827100000000000080e+01,-1.827100000000000080e+01
2.280000000000000000e+02,5.000000000000000000e+01,0.000000000000000000e+00,6.827100000000000080e+01,-1.827100000000000080e+01
2.290000000000000000e+02,5.000000000000000000e+01,0.000000000000000000e+00,6.827100000000000080e+01,-1.827100000000000080e+01
2.300000000000000000e+02,5.000000000000000000e+01,0.000000000000000000e+00,6.823900000000000432e+01,-1.823900000000000432e+01
2.310000000000000000e+02,5.000000000000000000e+01,0.000000000000000000e+00,6.827100000000000080e+01,-1.827100000000000080e+01
2.320000000000000000e+02,5.000000000000000000e+01,0.000000000000000000e+00,6.830400000000000205e+01,-1.830400000000000205e+01
2.330000000000000000e+02,5.000000000000000000e+01,0.000000000000000000e+00,6.827100000000000080e+01,-1.827100000000000080e+01
2.340000000000000000e+02,5.000000000000000000e+01,0.000000000000000000e+00,6.827100000000000080e+01,-1.827100000000000080e+01
2.350000000000000000e+02,5.000000000000000000e+01,0.000000000000000000e+00,6.830400000000000205e+01,-1.830400000000000205e+01
2.360000000000000000e+02,5.000000000000000000e+01,0.000000000000000000e+00,6.827100000000000080e+01,-1.827100000000000080e+01
2.370000000000000000e+02,5.000000000000000000e+01,0.000000000000000000e+00,6.827100000000000080e+01,-1.827100000000000080e+01
2.380000000000000000e+02,5.000000000000000000e+01,0.000000000000000000e+00,6.827100000000000080e+01,-1.827100000000000080e+01
2.390000000000000000e+02,5.000000000000000000e+01,0.000000000000000000e+00,6.827100000000000080e+01,-1.827100000000000080e+01
2.400000000000000000e+02,5.000000000000000000e+01,0.000000000000000000e+00,6.823900000000000432e+01,-1.823900000000000432e+01
2.410000000000000000e+02,5.000000000000000000e+01,0.000000000000000000e+00,6.827100000000000080e+01,-1.827100000000000080e+01
2.420000000000000000e+02,5.000000000000000000e+01,0.000000000000000000e+00,6.823900000000000432e+01,-1.823900000000000432e+01
2.430000000000000000e+02,5.000000000000000000e+01,0.000000000000000000e+00,6.801399999999999579e+01,-1.801399999999999579e+01
2.440000000000000000e+02,5.000000000000000000e+01,0.000000000000000000e+00,6.794899999999999807e+01,-1.794899999999999807e+01
2.450000000000000000e+02,5.000000000000000000e+01,0.000000000000000000e+00,6.794899999999999807e+01,-1.794899999999999807e+01
2.460000000000000000e+02,5.000000000000000000e+01,0.000000000000000000e+00,6.775600000000000023e+01,-1.775600000000000023e+01
2.470000000000000000e+02,5.000000000000000000e+01,0.000000000000000000e+00,6.775600000000000023e+01,-1.775600000000000023e+01
2.480000000000000000e+02,5.000000000000000000e+01,0.000000000000000000e+00,6.762699999999999534e+01,-1.762699999999999534e+01
2.490000000000000000e+02,5.000000000000000000e+01,0.000000000000000000e+00,6.762699999999999534e+01,-1.762699999999999534e+01
2.500000000000000000e+02,5.000000000000000000e+01,0.000000000000000000e+00,6.746599999999999397e+01,-1.746599999999999397e+01
2.510000000000000000e+02,5.000000000000000000e+01,0.000000000000000000e+00,6.733700000000000330e+01,-1.733700000000000330e+01
2.520000000000000000e+02,5.000000000000000000e+01,0.000000000000000000e+00,6.727200000000000557e+01,-1.727200000000000557e+01
2.530000000000000000e+02,5.000000000000000000e+01,0.000000000000000000e+00,6.714400000000000546e+01,-1.714400000000000546e+01
2.540000000000000000e+02,5.000000000000000000e+01,0.000000000000000000e+00,6.698199999999999932e+01,-1.698199999999999932e+01
2.550000000000000000e+02,5.000000000000000000e+01,0.000000000000000000e+00,6.682099999999999795e+01,-1.682099999999999795e+01
2.560000000000000000e+02,5.000000000000000000e+01,0.000000000000000000e+00,6.665999999999999659e+01,-1.665999999999999659e+01
2.570000000000000000e+02,5.000000000000000000e+01,0.000000000000000000e+00,6.665999999999999659e+01,-1.665999999999999659e+01
2.580000000000000000e+02,5.000000000000000000e+01,0.000000000000000000e+00,6.659600000000000364e+01,-1.659600000000000364e+01
2.590000000000000000e+02,5.000000000000000000e+01,0.000000000000000000e+00,6.633799999999999386e+01,-1.633799999999999386e+01
2.600000000000000000e+02,5.000000000000000000e+01,0.000000000000000000e+00,6.627299999999999613e+01,-1.627299999999999613e+01
2.610000000000000000e+02,5.000000000000000000e+01,0.000000000000000000e+00,6.601600000000000534e+01,-1.601600000000000534e+01
2.620000000000000000e+02,5.000000000000000000e+01,0.000000000000000000e+00,6.601600000000000534e+01,-1.601600000000000534e+01
2.630000000000000000e+02,5.000000000000000000e+01,0.000000000000000000e+00,6.579000000000000625e+01,-1.579000000000000625e+01
2.640000000000000000e+02,5.000000000000000000e+01,0.000000000000000000e+00,6.556399999999999295e+01,-1.556399999999999295e+01
2.650000000000000000e+02,5.000000000000000000e+01,0.000000000000000000e+00,6.537099999999999511e+01,-1.537099999999999511e+01
2.660000000000000000e+02,5.000000000000000000e+01,0.000000000000000000e+00,6.527400000000000091e+01,-1.527400000000000091e+01
2.670000000000000000e+02,5.000000000000000000e+01,0.000000000000000000e+00,6.508100000000000307e+01,-1.508100000000000307e+01
2.680000000000000000e+02,5.000000000000000000e+01,0.000000000000000000e+00,6.495199999999999818e+01,-1.495199999999999818e+01
2.690000000000000000e+02,5.000000000000000000e+01,0.000000000000000000e+00,6.469400000000000261e+01,-1.469400000000000261e+01
2.700000000000000000e+02,5.000000000000000000e+01,0.000000000000000000e+00,6.446899999999999409e+01,-1.446899999999999409e+01
2.710000000000000000e+02,5.000000000000000000e+01,0.000000000000000000e+00,6.440399999999999636e+01,-1.440399999999999636e+01
2.720000000000000000e+02,5.000000000000000000e+01,0.000000000000000000e+00,6.408199999999999363e+01,-1.408199999999999363e+01
2.730000000000000000e+02,5.000000000000000000e+01,0.000000000000000000e+00,6.408199999999999363e+01,-1.408199999999999363e+01
2.740000000000000000e+02,5.000000000000000000e+01,0.000000000000000000e+00,6.382399999999999807e+01,-1.382399999999999807e+01
2.750000000000000000e+02,5.000000000000000000e+01,0.000000000000000000e+00,6.372800000000000153e+01,-1.372800000000000153e+01
2.760000000000000000e+02,5.000000000000000000e+01,0.000000000000000000e+00,6.343800000000000239e+01,-1.343800000000000239e+01
2.770000000000000000e+02,5.000000000000000000e+01,0.000000000000000000e+00,6.343800000000000239e+01,-1.343800000000000239e+01
2.780000000000000000e+02,5.000000000000000000e+01,0.000000000000000000e+00,6.311500000000000199e+01,-1.311500000000000199e+01
2.790000000000000000e+02,5.000000000000000000e+01,0.000000000000000000e+00,6.308299999999999841e+01,-1.308299999999999841e+01
2.800000000000000000e+02,5.000000000000000000e+01,0.000000000000000000e+00,6.279299999999999926e+01,-1.279299999999999926e+01
2.810000000000000000e+02,5.000000000000000000e+01,0.000000000000000000e+00,6.256700000000000017e+01,-1.256700000000000017e+01
2.820000000000000000e+02,5.000000000000000000e+01,0.000000000000000000e+00,6.231000000000000227e+01,-1.231000000000000227e+01
2.830000000000000000e+02,5.000000000000000000e+01,0.000000000000000000e+00,6.218099999999999739e+01,-1.218099999999999739e+01
2.840000000000000000e+02,5.000000000000000000e+01,0.000000000000000000e+00,6.205199999999999960e+01,-1.205199999999999960e+01
2.850000000000000000e+02,5.000000000000000000e+01,0.000000000000000000e+00,6.179399999999999693e+01,-1.179399999999999693e+01
2.860000000000000000e+02,5.000000000000000000e+01,0.000000000000000000e+00,6.150399999999999778e+01,-1.150399999999999778e+01
2.870000000000000000e+02,5.000000000000000000e+01,0.000000000000000000e+00,6.150399999999999778e+01,-1.150399999999999778e+01
2.880000000000000000e+02,5.000000000000000000e+01,0.000000000000000000e+00,6.108500000000000085e+01,-1.108500000000000085e+01
2.890000000000000000e+02,5.000000000000000000e+01,0.000000000000000000e+00,6.092399999999999949e+01,-1.092399999999999949e+01
2.900000000000000000e+02,5.000000000000000000e+01,0.000000000000000000e+00,6.082699999999999818e+01,-1.082699999999999818e+01
2.910000000000000000e+02,5.000000000000000000e+01,0.000000000000000000e+00,6.060199999999999676e+01,-1.060199999999999676e+01
2.920000000000000000e+02,5.000000000000000000e+01,0.000000000000000000e+00,6.024699999999999989e+01,-1.024699999999999989e+01
2.930000000000000000e+02,5.000000000000000000e+01,0.000000000000000000e+00,6.018299999999999983e+01,-1.018299999999999983e+01
2.940000000000000000e+02,5.000000000000000000e+01,0.000000000000000000e+00,5.989300000000000068e+01,-9.893000000000000682e+00
2.950000000000000000e+02,5.000000000000000000e+01,0.000000000000000000e+00,5.989300000000000068e+01,-9.893000000000000682e+00
2.960000000000000000e+02,5.000000000000000000e+01,0.000000000000000000e+00,5.960300000000000153e+01,-9.603000000000001535e+00
2.970000000000000000e+02,5.000000000000000000e+01,0.000000000000000000e+00,5.924799999999999756e+01,-9.247999999999997556e+00
2.980000000000000000e+02,5.000000000000000000e+01,0.000000000000000000e+00,5.921600000000000108e+01,-9.216000000000001080e+00
2.990000000000000000e+02,5.000000000000000000e+01,0.000000000000000000e+00,5.895799999999999841e+01,-8.957999999999998408e+00
3.000000000000000000e+02,5.000000000000000000e+01,0.000000000000000000e+00,5.882900000000000063e+01,-8.829000000000000625e+00
3.010000000000000000e+02,5.000000000000000000e+01,0.000000000000000000e+00,5.860399999999999920e+01,-8.603999999999999204e+00
3.020000000000000000e+02,5.000000000000000000e+01,0.000000000000000000e+00,5.847500000000000142e+01,-8.475000000000001421e+00
3.030000000000000000e+02,5.000000000000000000e+01,0.000000000000000000e+00,5.824900000000000233e+01,-8.249000000000002331e+00
3.040000000000000000e+02,5.000000000000000000e+01,0.000000000000000000e+00,5.795900000000000318e+01,-7.959000000000003183e+00
3.050000000000000000e+02,5.000000000000000000e+01,0.000000000000000000e+00,5.792699999999999960e+01,-7.926999999999999602e+00
3.060000000000000000e+02,5.000000000000000000e+01,0.000000000000000000e+00,5.763700000000000045e+01,-7.637000000000000455e+00
3.070000000000000000e+02,5.000000000000000000e+01,0.000000000000000000e+00,5.744299999999999784e+01,-7.442999999999997840e+00
3.080000000000000000e+02,5.000000000000000000e+01,0.000000000000000000e+00,5.731400000000000006e+01,-7.314000000000000057e+00
3.090000000000000000e+02,5.000000000000000000e+01,0.000000000000000000e+00,5.699199999999999733e+01,-6.991999999999997328e+00
3.100000000000000000e+02,5.000000000000000000e+01,0.000000000000000000e+00,5.692799999999999727e+01,-6.927999999999997272e+00
3.110000000000000000e+02,5.000000000000000000e+01,0.000000000000000000e+00,5.667000000000000171e+01,-6.670000000000001705e+00
3.120000000000000000e+02,5.000000000000000000e+01,0.000000000000000000e+00,5.663799999999999812e+01,-6.637999999999998124e+00
3.130000000000000000e+02,5.000000000000000000e+01,0.000000000000000000e+00,5.634799999999999898e+01,-6.347999999999998977e+00
3.140000000000000000e+02,5.000000000000000000e+01,0.000000000000000000e+00,5.631499999999999773e+01,-6.314999999999997726e+00
3.150000000000000000e+02,5.000000000000000000e+01,0.000000000000000000e+00,5.602499999999999858e+01,-6.024999999999998579e+00
3.160000000000000000e+02,5.000000000000000000e+01,0.000000000000000000e+00,5.602499999999999858e+01,-6.024999999999998579e+00
3.170000000000000000e+02,5.000000000000000000e+01,0.000000000000000000e+00,5.570300000000000296e+01,-5.703000000000002956e+00
3.180000000000000000e+02,5.000000000000000000e+01,0.000000000000000000e+00,5.570300000000000296e+01,-5.703000000000002956e+00
3.190000000000000000e+02,5.000000000000000000e+01,0.000000000000000000e+00,5.538100000000000023e+01,-5.381000000000000227e+00
3.200000000000000000e+02,5.000000000000000000e+01,0.000000000000000000e+00,5.505899999999999750e+01,-5.058999999999997499e+00
3.210000000000000000e+02,5.000000000000000000e+01,0.000000000000000000e+00,5.505899999999999750e+01,-5.058999999999997499e+00
3.220000000000000000e+02,5.000000000000000000e+01,0.000000000000000000e+00,5.476899999999999835e+01,-4.768999999999998352e+00
3.230000000000000000e+02,5.000000000000000000e+01,0.000000000000000000e+00,5.473599999999999710e+01,-4.735999999999997101e+00
3.240000000000000000e+02,5.000000000000000000e+01,0.000000000000000000e+00,5.441400000000000148e+01,-4.414000000000001478e+00
3.250000000000000000e+02,5.000000000000000000e+01,0.000000000000000000e+00,5.441400000000000148e+01,-4.414000000000001478e+00
3.260000000000000000e+02,5.000000000000000000e+01,0.000000000000000000e+00,5.428499999999999659e+01,-4.284999999999996589e+00
3.270000000000000000e+02,5.000000000000000000e+01,0.000000000000000000e+00,5.409199999999999875e+01,-4.091999999999998749e+00
3.280000000000000000e+02,5.000000000000000000e+01,0.000000000000000000e+00,5.383400000000000318e+01,-3.834000000000003183e+00
3.290000000000000000e+02,5.000000000000000000e+01,0.000000000000000000e+00,5.373700000000000188e+01,-3.737000000000001876e+00
3.300000000000000000e+02,5.000000000000000000e+01,0.000000000000000000e+00,5.344700000000000273e+01,-3.447000000000002728e+00
3.310000000000000000e+02,5.000000000000000000e+01,0.000000000000000000e+00,5.335099999999999909e+01,-3.350999999999999091e+00
3.320000000000000000e+02,5.000000000000000000e+01,0.000000000000000000e+00,5.312500000000000000e+01,-3.125000000000000000e+00
3.330000000000000000e+02,5.000000000000000000e+01,0.000000000000000000e+00,5.293200000000000216e+01,-2.932000000000002160e+00
3.340000000000000000e+02,5.000000000000000000e+01,0.000000000000000000e+00,5.280299999999999727e+01,-2.802999999999997272e+00
3.350000000000000000e+02,5.000000000000000000e+01,0.000000000000000000e+00,5.251299999999999812e+01,-2.512999999999998124e+00
3.360000000000000000e+02,5.000000000000000000e+01,0.000000000000000000e+00,5.247999999999999687e+01,-2.479999999999996874e+00
3.370000000000000000e+02,5.000000000000000000e+01,0.000000000000000000e+00,5.222299999999999898e+01,-2.222999999999998977e+00
3.380000000000000000e+02,5.000000000000000000e+01,0.000000000000000000e+00,5.212599999999999767e+01,-2.125999999999997669e+00
3.390000000000000000e+02,5.000000000000000000e+01,0.000000000000000000e+00,5.183599999999999852e+01,-1.835999999999998522e+00
3.400000000000000000e+02,5.000000000000000000e+01,0.000000000000000000e+00,5.183599999999999852e+01,-1.835999999999998522e+00
3.410000000000000000e+02,5.000000000000000000e+01,0.000000000000000000e+00,5.167499999999999716e+01,-1.674999999999997158e+00
3.420000000000000000e+02,5.000000000000000000e+01,0.000000000000000000e+00,5.148100000000000165e+01,-1.481000000000001648e+00
3.430000000000000000e+02,5.000000000000000000e+01,0.000000000000000000e+00,5.125600000000000023e+01,-1.256000000000000227e+00
3.440000000000000000e+02,5.000000000000000000e+01,0.000000000000000000e+00,5.112700000000000244e+01,-1.127000000000002444e+00
3.450000000000000000e+02,5.000000000000000000e+01,0.000000000000000000e+00,5.086899999999999977e+01,-8.689999999999997726e-01
3.460000000000000000e+02,5.000000000000000000e+01,0.000000000000000000e+00,5.067600000000000193e+01,-6.760000000000019327e-01
3.470000000000000000e+02,5.000000000000000000e+01,0.000000000000000000e+00,5.054699999999999704e+01,-5.469999999999970441e-01
3.480000000000000000e+02,5.000000000000000000e+01,0.000000000000000000e+00,5.048199999999999932e+01,-4.819999999999993179e-01
3.490000000000000000e+02,5.000000000000000000e+01,0.000000000000000000e+00,5.003099999999999881e+01,-3.099999999999880629e-02
3.500000000000000000e+02,5.000000000000000000e+01,0.000000000000000000e+00,4.999900000000000233e+01,9.999999999976694198e-04
3.510000000000000000e+02,5.000000000000000000e+01,0.000000000000000000e+00,4.990200000000000102e+01,9.799999999999897682e-02
3.520000000000000000e+02,5.000000000000000000e+01,0.000000000000000000e+00,4.974099999999999966e+01,2.590000000000003411e-01
3.530000000000000000e+02,5.000000000000000000e+01,0.000000000000000000e+00,4.957999999999999829e+01,4.200000000000017053e-01
3.540000000000000000e+02,5.000000000000000000e+01,0.000000000000000000e+00,4.928999999999999915e+01,7.100000000000008527e-01
3.550000000000000000e+02,5.000000000000000000e+01,0.000000000000000000e+00,4.925800000000000267e+01,7.419999999999973284e-01
3.560000000000000000e+02,5.000000000000000000e+01,0.000000000000000000e+00,4.903199999999999648e+01,9.680000000000035243e-01
3.570000000000000000e+02,5.000000000000000000e+01,0.000000000000000000e+00,4.893599999999999994e+01,1.064000000000000057e+00
3.580000000000000000e+02,5.000000000000000000e+01,0.000000000000000000e+00,4.887100000000000222e+01,1.128999999999997783e+00
3.590000000000000000e+02,5.000000000000000000e+01,0.000000000000000000e+00,4.861299999999999955e+01,1.387000000000000455e+00
3.600000000000000000e+02,5.000000000000000000e+01,0.000000000000000000e+00,4.858100000000000307e+01,1.418999999999996930e+00
3.610000000000000000e+02,5.000000000000000000e+01,0.000000000000000000e+00,4.848400000000000176e+01,1.515999999999998238e+00
3.620000000000000000e+02,5.000000000000000000e+01,0.000000000000000000e+00,4.829099999999999682e+01,1.709000000000003183e+00
3.630000000000000000e+02,5.000000000000000000e+01,0.000000000000000000e+00,4.822699999999999676e+01,1.773000000000003240e+00
3.640000000000000000e+02,5.000000000000000000e+01,0.000000000000000000e+00,4.796900000000000119e+01,2.030999999999998806e+00
3.650000000000000000e+02,5.000000000000000000e+01,0.000000000000000000e+00,4.796900000000000119e+01,2.030999999999998806e+00
3.660000000000000000e+02,5.000000000000000000e+01,0.000000000000000000e+00,4.793699999999999761e+01,2.063000000000002387e+00
3.670000000000000000e+02,5.000000000000000000e+01,0.000000000000000000e+00,4.761399999999999721e+01,2.386000000000002785e+00
3.680000000000000000e+02,5.000000000000000000e+01,0.000000000000000000e+00,4.742099999999999937e+01,2.579000000000000625e+00
3.690000000000000000e+02,5.000000000000000000e+01,0.000000000000000000e+00,4.738900000000000290e+01,2.610999999999997101e+00
3.700000000000000000e+02,5.000000000000000000e+01,0.000000000000000000e+00,4.732399999999999807e+01,2.676000000000001933e+00
3.710000000000000000e+02,5.000000000000000000e+01,0.000000000000000000e+00,4.713100000000000023e+01,2.868999999999999773e+00
3.720000000000000000e+02,5.000000000000000000e+01,0.000000000000000000e+00,4.703399999999999892e+01,2.966000000000001080e+00
3.730000000000000000e+02,5.000000000000000000e+01,0.000000000000000000e+00,4.684100000000000108e+01,3.158999999999998920e+00
3.740000000000000000e+02,5.000000000000000000e+01,0.000000000000000000e+00,4.667999999999999972e+01,3.320000000000000284e+00
3.750000000000000000e+02,5.000000000000000000e+01,0.000000000000000000e+00,4.664699999999999847e+01,3.353000000000001535e+00
3.760000000000000000e+02,5.000000000000000000e+01,0.000000000000000000e+00,4.642199999999999704e+01,3.578000000000002956e+00
3.770000000000000000e+02,5.000000000000000000e+01,0.000000000000000000e+00,4.626100000000000279e+01,3.738999999999997215e+00
3.780000000000000000e+02,5.000000000000000000e+01,0.000000000000000000e+00,4.626100000000000279e+01,3.738999999999997215e+00
3.790000000000000000e+02,5.000000000000000000e+01,0.000000000000000000e+00,4.606700000000000017e+01,3.932999999999999829e+00
3.800000000000000000e+02,5.000000000000000000e+01,0.000000000000000000e+00,4.584199999999999875e+01,4.158000000000001251e+00
3.810000000000000000e+02,5.000000000000000000e+01,0.000000000000000000e+00,4.571300000000000097e+01,4.286999999999999034e+00
3.820000000000000000e+02,5.000000000000000000e+01,0.000000000000000000e+00,4.571300000000000097e+01,4.286999999999999034e+00
3.830000000000000000e+02,5.000000000000000000e+01,0.000000000000000000e+00,4.555199999999999960e+01,4.448000000000000398e+00
3.840000000000000000e+02,5.000000000000000000e+01,0.000000000000000000e+00,4.545499999999999829e+01,4.545000000000001705e+00
3.850000000000000000e+02,5.000000000000000000e+01,0.000000000000000000e+00,4.532600000000000051e+01,4.673999999999999488e+00
3.860000000000000000e+02,5.000000000000000000e+01,0.000000000000000000e+00,4.526200000000000045e+01,4.737999999999999545e+00
3.870000000000000000e+02,5.000000000000000000e+01,0.000000000000000000e+00,4.506799999999999784e+01,4.932000000000002160e+00
3.880000000000000000e+02,5.000000000000000000e+01,0.000000000000000000e+00,4.506799999999999784e+01,4.932000000000002160e+00
3.890000000000000000e+02,5.000000000000000000e+01,0.000000000000000000e+00,4.497200000000000131e+01,5.027999999999998693e+00
3.900000000000000000e+02,5.000000000000000000e+01,0.000000000000000000e+00,4.474600000000000222e+01,5.253999999999997783e+00
3.910000000000000000e+02,5.000000000000000000e+01,0.000000000000000000e+00,4.448799999999999955e+01,5.512000000000000455e+00
3.920000000000000000e+02,5.000000000000000000e+01,0.000000000000000000e+00,4.442399999999999949e+01,5.576000000000000512e+00
3.930000000000000000e+02,5.000000000000000000e+01,0.000000000000000000e+00,4.445600000000000307e+01,5.543999999999996930e+00
3.940000000000000000e+02,5.000000000000000000e+01,0.000000000000000000e+00,4.426299999999999812e+01,5.737000000000001876e+00
3.950000000000000000e+02,5.000000000000000000e+01,0.000000000000000000e+00,4.410199999999999676e+01,5.898000000000003240e+00
3.960000000000000000e+02,5.000000000000000000e+01,0.000000000000000000e+00,4.406900000000000261e+01,5.930999999999997385e+00
3.970000000000000000e+02,5.000000000000000000e+01,0.000000000000000000e+00,4.403699999999999903e+01,5.963000000000000966e+00
3.980000000000000000e+02,5.000000000000000000e+01,0.000000000000000000e+00,4.387599999999999767e+01,6.124000000000002331e+00
3.990000000000000000e+02,5.000000000000000000e+01,0.000000000000000000e+00,4.377900000000000347e+01,6.220999999999996533e+00
4.000000000000000000e+02,5.000000000000000000e+01,0.000000000000000000e+00,4.364999999999999858e+01,6.350000000000001421e+00
4.010000000000000000e+02,5.000000000000000000e+01,3.496399999999979968e+00,4.355400000000000205e+01,6.445999999999997954e+00
4.020000000000000000e+02,5.000000000000000000e+01,8.706400000000073192e+00,4.342499999999999716e+01,6.575000000000002842e+00
4.030000000000000000e+02,5.000000000000000000e+01,1.331519999999996173e+01,4.332800000000000296e+01,6.671999999999997044e+00
4.040000000000000000e+02,5.000000000000000000e+01,1.861560000000005743e+01,4.319899999999999807e+01,6.801000000000001933e+00
4.050000000000000000e+02,5.000000000000000000e+01,2.264160000000005368e+01,4.313499999999999801e+01,6.865000000000001990e+00
4.060000000000000000e+02,5.000000000000000000e+01,2.538760000000004879e+01,4.313499999999999801e+01,6.865000000000001990e+00
4.070000000000000000e+02,5.000000000000000000e+01,3.209119999999995798e+01,4.294100000000000250e+01,7.058999999999997499e+00
4.080000000000000000e+02,5.000000000000000000e+01,3.752599999999995362e+01,4.281300000000000239e+01,7.186999999999997613e+00
4.090000000000000000e+02,5.000000000000000000e+01,4.040079999999994698e+01,4.281300000000000239e+01,7.186999999999997613e+00
4.100000000000000000e+02,5.000000000000000000e+01,4.460160000000004743e+01,4.274799999999999756e+01,7.252000000000002444e+00
4.110000000000000000e+02,5.000000000000000000e+01,5.143959999999999866e+01,4.255499999999999972e+01,7.445000000000000284e+00
4.120000000000000000e+02,5.000000000000000000e+01,5.704919999999995639e+01,4.242600000000000193e+01,7.573999999999998067e+00
4.130000000000000000e+02,5.000000000000000000e+01,6.007879999999995846e+01,4.242600000000000193e+01,7.573999999999998067e+00
4.140000000000000000e+02,5.000000000000000000e+01,6.508719999999998151e+01,4.232900000000000063e+01,7.670999999999999375e+00
4.150000000000000000e+02,5.000000000000000000e+01,7.144000000000001194e+01,4.216799999999999926e+01,7.832000000000000739e+00
4.160000000000000000e+02,5.000000000000000000e+01,7.457280000000001507e+01,4.216799999999999926e+01,7.832000000000000739e+00
4.170000000000000000e+02,5.000000000000000000e+01,7.770560000000001821e+01,4.216799999999999926e+01,7.832000000000000739e+00
4.180000000000000000e+02,5.000000000000000000e+01,8.149119999999994945e+01,4.213600000000000279e+01,7.863999999999997215e+00
4.190000000000000000e+02,5.000000000000000000e+01,8.859440000000000737e+01,4.194200000000000017e+01,8.057999999999999829e+00
4.200000000000000000e+02,5.000000000000000000e+01,9.114439999999997610e+01,4.197500000000000142e+01,8.024999999999998579e+00
4.210000000000000000e+02,5.000000000000000000e+01,9.633320000000000505e+01,4.187800000000000011e+01,8.121999999999999886e+00
4.220000000000000000e+02,5.000000000000000000e+01,1.000000000000000000e+02,4.184599999999999653e+01,8.154000000000003467e+00
4.230000000000000000e+02,5.000000000000000000e+01,1.000000000000000000e+02,4.184599999999999653e+01,8.154000000000003467e+00
4.240000000000000000e+02,5.000000000000000000e+01,1.000000000000000000e+02,4.181300000000000239e+01,8.186999999999997613e+00
4.250000000000000000e+02,5.000000000000000000e+01,1.000000000000000000e+02,4.184599999999999653e+01,8.154000000000003467e+00
4.260000000000000000e+02,5.000000000000000000e+01,1.000000000000000000e+02,4.155599999999999739e+01,8.444000000000002615e+00
4.270000000000000000e+02,5.000000000000000000e+01,1.000000000000000000e+02,4.174900000000000233e+01,8.250999999999997669e+00
4.280000000000000000e+02,5.000000000000000000e+01,1.000000000000000000e+02,4.168500000000000227e+01,8.314999999999997726e+00
4.290000000000000000e+02,5.000000000000000000e+01,1.000000000000000000e+02,4.174900000000000233e+01,8.250999999999997669e+00
4.300000000000000000e+02,5.000000000000000000e+01,1.000000000000000000e+02,4.178099999999999881e+01,8.219000000000001194e+00
4.310000000000000000e+02,5.000000000000000000e+01,1.000000000000000000e+02,4.181300000000000239e+01,8.186999999999997613e+00
4.320000000000000000e+02,5.000000000000000000e+01,1.000000000000000000e+02,4.184599999999999653e+01,8.154000000000003467e+00
4.330000000000000000e+02,5.000000000000000000e+01,1.000000000000000000e+02,4.184599999999999653e+01,8.154000000000003467e+00
4.340000000000000000e+02,5.000000000000000000e+01,1.000000000000000000e+02,4.184599999999999653e+01,8.154000000000003467e+00
4.350000000000000000e+02,5.000000000000000000e+01,1.000000000000000000e+02,4.197500000000000142e+01,8.024999999999998579e+00
4.360000000000000000e+02,5.000000000000000000e+01,1.000000000000000000e+02,4.197500000000000142e+01,8.024999999999998579e+00
4.370000000000000000e+02,5.000000000000000000e+01,1.000000000000000000e+02,4.210399999999999920e+01,7.896000000000000796e+00
4.380000000000000000e+02,5.000000000000000000e+01,1.000000000000000000e+02,4.213600000000000279e+01,7.863999999999997215e+00
4.390000000000000000e+02,5.000000000000000000e+01,1.000000000000000000e+02,4.213600000000000279e+01,7.863999999999997215e+00
4.400000000000000000e+02,5.000000000000000000e+01,1.000000000000000000e+02,4.226500000000000057e+01,7.734999999999999432e+00
4.410000000000000000e+02,5.000000000000000000e+01,1.000000000000000000e+02,4.252199999999999847e+01,7.478000000000001535e+00
4.420000000000000000e+02,5.000000000000000000e+01,1.000000000000000000e+02,4.255499999999999972e+01,7.445000000000000284e+00
4.430000000000000000e+02,5.000000000000000000e+01,1.000000000000000000e+02,4.265100000000000335e+01,7.348999999999996646e+00
4.440000000000000000e+02,5.000000000000000000e+01,1.000000000000000000e+02,4.281300000000000239e+01,7.186999999999997613e+00
4.450000000000000000e+02,5.000000000000000000e+01,1.000000000000000000e+02,4.297399999999999665e+01,7.026000000000003354e+00
4.460000000000000000e+02,5.000000000000000000e+01,1.000000000000000000e+02,4.310300000000000153e+01,6.896999999999998465e+00
4.470000000000000000e+02,5.000000000000000000e+01,1.000000000000000000e+02,4.316700000000000159e+01,6.832999999999998408e+00
4.480000000000000000e+02,5.000000000000000000e+01,1.000000000000000000e+02,4.316700000000000159e+01,6.832999999999998408e+00
4.490000000000000000e+02,5.000000000000000000e+01,1.000000000000000000e+02,4.345700000000000074e+01,6.542999999999999261e+00
4.500000000000000000e+02,5.000000000000000000e+01,1.000000000000000000e+02,4.364999999999999858e+01,6.350000000000001421e+00
4.510000000000000000e+02,5.000000000000000000e+01,1.000000000000000000e+02,4.364999999999999858e+01,6.350000000000001421e+00
4.520000000000000000e+02,5.000000000000000000e+01,1.000000000000000000e+02,4.400500000000000256e+01,5.994999999999997442e+00
4.530000000000000000e+02,5.000000000000000000e+01,1.000000000000000000e+02,4.410199999999999676e+01,5.898000000000003240e+00
4.540000000000000000e+02,5.000000000000000000e+01,1.000000000000000000e+02,4.422999999999999687e+01,5.770000000000003126e+00
4.550000000000000000e+02,5.000000000000000000e+01,1.000000000000000000e+02,4.445600000000000307e+01,5.543999999999996930e+00
4.560000000000000000e+02,5.000000000000000000e+01,1.000000000000000000e+02,4.471399999999999864e+01,5.286000000000001364e+00
4.570000000000000000e+02,5.000000000000000000e+01,1.000000000000000000e+02,4.474600000000000222e+01,5.253999999999997783e+00
4.580000000000000000e+02,5.000000000000000000e+01,1.000000000000000000e+02,4.477799999999999869e+01,5.222000000000001307e+00
4.590000000000000000e+02,5.000000000000000000e+01,1.000000000000000000e+02,4.506799999999999784e+01,4.932000000000002160e+00
4.600000000000000000e+02,5.000000000000000000e+01,1.000000000000000000e+02,4.532600000000000051e+01,4.673999999999999488e+00
4.610000000000000000e+02,5.000000000000000000e+01,1.000000000000000000e+02,4.548700000000000188e+01,4.512999999999998124e+00
4.620000000000000000e+02,5.000000000000000000e+01,1.000000000000000000e+02,4.568099999999999739e+01,4.319000000000002615e+00
4.630000000000000000e+02,5.000000000000000000e+01,1.000000000000000000e+02,4.593800000000000239e+01,4.061999999999997613e+00
4.640000000000000000e+02,5.000000000000000000e+01,1.000000000000000000e+02,4.603499999999999659e+01,3.965000000000003411e+00
4.650000000000000000e+02,5.000000000000000000e+01,1.000000000000000000e+02,4.622899999999999920e+01,3.771000000000000796e+00
4.660000000000000000e+02,5.000000000000000000e+01,1.000000000000000000e+02,4.642199999999999704e+01,3.578000000000002956e+00
4.670000000000000000e+02,5.000000000000000000e+01,1.000000000000000000e+02,4.661500000000000199e+01,3.384999999999998010e+00
4.680000000000000000e+02,5.000000000000000000e+01,1.000000000000000000e+02,4.674399999999999977e+01,3.256000000000000227e+00
4.690000000000000000e+02,5.000000000000000000e+01,1.000000000000000000e+02,4.677600000000000335e+01,3.223999999999996646e+00
4.700000000000000000e+02,5.000000000000000000e+01,1.000000000000000000e+02,4.716299999999999670e+01,2.837000000000003297e+00
4.710000000000000000e+02,5.000000000000000000e+01,1.000000000000000000e+02,4.732399999999999807e+01,2.676000000000001933e+00
4.720000000000000000e+02,5.000000000000000000e+01,1.000000000000000000e+02,4.758200000000000074e+01,2.417999999999999261e+00
4.730000000000000000e+02,5.000000000000000000e+01,1.000000000000000000e+02,4.767900000000000205e+01,2.320999999999997954e+00
4.740000000000000000e+02,5.000000000000000000e+01,1.000000000000000000e+02,4.793699999999999761e+01,2.063000000000002387e+00
4.750000000000000000e+02,5.000000000000000000e+01,1.000000000000000000e+02,4.796900000000000119e+01,2.030999999999998806e+00
4.760000000000000000e+02,5.000000000000000000e+01,9.909279999999998267e+01,4.832300000000000040e+01,1.676999999999999602e+00
4.770000000000000000e+02,5.000000000000000000e+01,9.515319999999999823e+01,4.854899999999999949e+01,1.451000000000000512e+00
4.780000000000000000e+02,5.000000000000000000e+01,9.114359999999996376e+01,4.877400000000000091e+01,1.225999999999999091e+00
4.790000000000000000e+02,5.000000000000000000e+01,8.702359999999998763e+01,4.900000000000000000e+01,1.000000000000000000e+00
4.800000000000000000e+02,5.000000000000000000e+01,8.348640000000003170e+01,4.919299999999999784e+01,8.070000000000021600e-01
4.810000000000000000e+02,5.000000000000000000e+01,8.117759999999992715e+01,4.932200000000000273e+01,6.779999999999972715e-01
4.820000000000000000e+02,5.000000000000000000e+01,7.618560000000002219e+01,4.957999999999999829e+01,4.200000000000017053e-01
4.830000000000000000e+02,5.000000000000000000e+01,7.241639999999992483e+01,4.977300000000000324e+01,2.269999999999967599e-01
4.840000000000000000e+02,5.000000000000000000e+01,6.987559999999996307e+01,4.990200000000000102e+01,9.799999999999897682e-02
4.850000000000000000e+02,5.000000000000000000e+01,6.332559999999995171e+01,5.022500000000000142e+01,-2.250000000000014211e-01
4.860000000000000000e+02,5.000000000000000000e+01,6.323559999999994830e+01,5.022500000000000142e+01,-2.250000000000014211e-01
4.870000000000000000e+02,5.000000000000000000e+01,5.657680000000003417e+01,5.054699999999999704e+01,-5.469999999999970441e-01
4.880000000000000000e+02,5.000000000000000000e+01,5.176800000000000068e+01,5.077199999999999847e+01,-7.719999999999984652e-01
4.890000000000000000e+02,5.000000000000000000e+01,4.619599999999994111e+01,5.103000000000000114e+01,-1.030000000000001137e+00
4.900000000000000000e+02,5.000000000000000000e+01,4.578399999999993497e+01,5.103000000000000114e+01,-1.030000000000001137e+00
4.910000000000000000e+02,5.000000000000000000e+01,4.076159999999995875e+01,5.125600000000000023e+01,-1.256000000000000227e+00
4.920000000000000000e+02,5.000000000000000000e+01,3.434319999999998174e+01,5.154599999999999937e+01,-1.545999999999999375e+00
4.930000000000000000e+02,5.000000000000000000e+01,2.780880000000000507e+01,5.183599999999999852e+01,-1.835999999999998522e+00
4.940000000000000000e+02,5.000000000000000000e+01,2.576880000000000592e+01,5.189999999999999858e+01,-1.899999999999998579e+00
4.950000000000000000e+02,5.000000000000000000e+01,2.039840000000002362e+01,5.212599999999999767e+01,-2.125999999999997669e+00
4.960000000000000000e+02,5.000000000000000000e+01,1.756919999999999504e+01,5.222299999999999898e+01,-2.222999999999998977e+00
4.970000000000000000e+02,5.000000000000000000e+01,1.143720000000003978e+01,5.247999999999999687e+01,-2.479999999999996874e+00
4.980000000000000000e+02,5.000000000000000000e+01,8.466400000000014359e+00,5.257699999999999818e+01,-2.576999999999998181e+00
4.990000000000000000e+02,5.000000000000000000e+01,2.825200000000030798e+00,5.280299999999999727e+01,-2.802999999999997272e+00
5.000000000000000000e+02,5.000000000000000000e+01,1.051199999999958834e+00,5.283500000000000085e+01,-2.835000000000000853e+00
5.010000000000000000e+02,5.000000000000000000e+01,0.000000000000000000e+00,5.309300000000000352e+01,-3.093000000000003524e+00
5.020000000000000000e+02,5.000000000000000000e+01,0.000000000000000000e+00,5.312500000000000000e+01,-3.125000000000000000e+00
5.030000000000000000e+02,5.000000000000000000e+01,0.000000000000000000e+00,5.318900000000000006e+01,-3.189000000000000057e+00
5.040000000000000000e+02,5.000000000000000000e+01,0.000000000000000000e+00,5.338300000000000267e+01,-3.383000000000002672e+00
5.050000000000000000e+02,5.000000000000000000e+01,0.000000000000000000e+00,5.344700000000000273e+01,-3.447000000000002728e+00
5.060000000000000000e+02,5.000000000000000000e+01,0.000000000000000000e+00,5.351200000000000045e+01,-3.512000000000000455e+00
5.070000000000000000e+02,5.000000000000000000e+01,0.000000000000000000e+00,5.357600000000000051e+01,-3.576000000000000512e+00
5.080000000000000000e+02,5.000000000000000000e+01,0.000000000000000000e+00,5.354399999999999693e+01,-3.543999999999996930e+00
5.090000000000000000e+02,5.000000000000000000e+01,0.000000000000000000e+00,5.370499999999999829e+01,-3.704999999999998295e+00
5.100000000000000000e+02,5.000000000000000000e+01,0.000000000000000000e+00,5.377000000000000313e+01,-3.770000000000003126e+00
5.110000000000000000e+02,5.000000000000000000e+01,0.000000000000000000e+00,5.380199999999999960e+01,-3.801999999999999602e+00
5.120000000000000000e+02,5.000000000000000000e+01,0.000000000000000000e+00,5.377000000000000313e+01,-3.770000000000003126e+00
5.130000000000000000e+02,5.000000000000000000e+01,0.000000000000000000e+00,5.373700000000000188e+01,-3.737000000000001876e+00
5.140000000000000000e+02,5.000000000000000000e+01,0.000000000000000000e+00,5.393099999999999739e+01,-3.930999999999997385e+00
5.150000000000000000e+02,5.000000000000000000e+01,0.000000000000000000e+00,5.389800000000000324e+01,-3.898000000000003240e+00
5.160000000000000000e+02,5.000000000000000000e+01,0.000000000000000000e+00,5.409199999999999875e+01,-4.091999999999998749e+00
5.170000000000000000e+02,5.000000000000000000e+01,0.000000000000000000e+00,5.389800000000000324e+01,-3.898000000000003240e+00
5.180000000000000000e+02,5.000000000000000000e+01,0.000000000000000000e+00,5.406000000000000227e+01,-4.060000000000002274e+00
5.190000000000000000e+02,5.000000000000000000e+01,0.000000000000000000e+00,5.409199999999999875e+01,-4.091999999999998749e+00
5.200000000000000000e+02,5.000000000000000000e+01,0.000000000000000000e+00,5.409199999999999875e+01,-4.091999999999998749e+00
5.210000000000000000e+02,5.000000000000000000e+01,0.000000000000000000e+00,5.409199999999999875e+01,-4.091999999999998749e+00
5.220000000000000000e+02,5.000000000000000000e+01,0.000000000000000000e+00,5.406000000000000227e+01,-4.060000000000002274e+00
5.230000000000000000e+02,5.000000000000000000e+01,0.000000000000000000e+00,5.409199999999999875e+01,-4.091999999999998749e+00
5.240000000000000000e+02,5.000000000000000000e+01,0.000000000000000000e+00,5.406000000000000227e+01,-4.060000000000002274e+00
5.250000000000000000e+02,5.000000000000000000e+01,0.000000000000000000e+00,5.399499999999999744e+01,-3.994999999999997442e+00
5.260000000000000000e+02,5.000000000000000000e+01,0.000000000000000000e+00,5.377000000000000313e+01,-3.770000000000003126e+00
5.270000000000000000e+02,5.000000000000000000e+01,0.000000000000000000e+00,5.380199999999999960e+01,-3.801999999999999602e+00
5.280000000000000000e+02,5.000000000000000000e+01,0.000000000000000000e+00,5.377000000000000313e+01,-3.770000000000003126e+00
5.290000000000000000e+02,5.000000000000000000e+01,0.000000000000000000e+00,5.373700000000000188e+01,-3.737000000000001876e+00
5.300000000000000000e+02,5.000000000000000000e+01,0.000000000000000000e+00,5.370499999999999829e+01,-3.704999999999998295e+00
5.310000000000000000e+02,5.000000000000000000e+01,0.000000000000000000e+00,5.367300000000000182e+01,-3.673000000000001819e+00
5.320000000000000000e+02,5.000000000000000000e+01,0.000000000000000000e+00,5.347899999999999920e+01,-3.478999999999999204e+00
5.330000000000000000e+02,5.000000000000000000e+01,0.000000000000000000e+00,5.344700000000000273e+01,-3.447000000000002728e+00
5.340000000000000000e+02,5.000000000000000000e+01,0.000000000000000000e+00,5.328600000000000136e+01,-3.286000000000001364e+00
5.350000000000000000e+02,5.000000000000000000e+01,0.000000000000000000e+00,5.338300000000000267e+01,-3.383000000000002672e+00
5.360000000000000000e+02,5.000000000000000000e+01,0.000000000000000000e+00,5.318900000000000006e+01,-3.189000000000000057e+00
5.370000000000000000e+02,5.000000000000000000e+01,0.000000000000000000e+00,5.312500000000000000e+01,-3.125000000000000000e+00
5.380000000000000000e+02,5.000000000000000000e+01,0.000000000000000000e+00,5.312500000000000000e+01,-3.125000000000000000e+00
5.390000000000000000e+02,5.000000000000000000e+01,0.000000000000000000e+00,5.312500000000000000e+01,-3.125000000000000000e+00
5.400000000000000000e+02,5.000000000000000000e+01,0.000000000000000000e+00,5.299600000000000222e+01,-2.996000000000002217e+00
5.410000000000000000e+02,5.000000000000000000e+01,0.000000000000000000e+00,5.280299999999999727e+01,-2.802999999999997272e+00
5.420000000000000000e+02,5.000000000000000000e+01,0.000000000000000000e+00,5.273799999999999955e+01,-2.737999999999999545e+00
5.430000000000000000e+02,5.000000000000000000e+01,0.000000000000000000e+00,5.251299999999999812e+01,-2.512999999999998124e+00
5.440000000000000000e+02,5.000000000000000000e+01,0.000000000000000000e+00,5.247999999999999687e+01,-2.479999999999996874e+00
5.450000000000000000e+02,5.000000000000000000e+01,0.000000000000000000e+00,5.241599999999999682e+01,-2.415999999999996817e+00
5.460000000000000000e+02,5.000000000000000000e+01,0.000000000000000000e+00,5.225500000000000256e+01,-2.255000000000002558e+00
5.470000000000000000e+02,5.000000000000000000e+01,0.000000000000000000e+00,5.218999999999999773e+01,-2.189999999999997726e+00
5.480000000000000000e+02,5.000000000000000000e+01,0.000000000000000000e+00,5.212599999999999767e+01,-2.125999999999997669e+00
5.490000000000000000e+02,5.000000000000000000e+01,0.000000000000000000e+00,5.199699999999999989e+01,-1.996999999999999886e+00
5.500000000000000000e+02,5.000000000000000000e+01,0.000000000000000000e+00,5.186800000000000210e+01,-1.868000000000002103e+00
5.510000000000000000e+02,5.000000000000000000e+01,0.000000000000000000e+00,5.183599999999999852e+01,-1.835999999999998522e+00
5.520000000000000000e+02,5.000000000000000000e+01,0.000000000000000000e+00,5.177100000000000080e+01,-1.771000000000000796e+00
5.530000000000000000e+02,5.000000000000000000e+01,0.000000000000000000e+00,5.160999999999999943e+01,-1.609999999999999432e+00
5.540000000000000000e+02,5.000000000000000000e+01,0.000000000000000000e+00,5.151400000000000290e+01,-1.514000000000002899e+00
5.550000000000000000e+02,5.000000000000000000e+01,0.000000000000000000e+00,5.144899999999999807e+01,-1.448999999999998067e+00
5.560000000000000000e+02,5.000000000000000000e+01,0.000000000000000000e+00,5.119100000000000250e+01,-1.191000000000002501e+00
5.570000000000000000e+02,5.000000000000000000e+01,0.000000000000000000e+00,5.099799999999999756e+01,-9.979999999999975557e-01
5.580000000000000000e+02,5.000000000000000000e+01,0.000000000000000000e+00,5.099799999999999756e+01,-9.979999999999975557e-01
5.590000000000000000e+02,5.000000000000000000e+01,0.000000000000000000e+00,5.086899999999999977e+01,-8.689999999999997726e-01
5.600000000000000000e+02,5.000000000000000000e+01,0.000000000000000000e+00,5.067600000000000193e+01,-6.760000000000019327e-01
5.610000000000000000e+02,5.000000000000000000e+01,0.000000000000000000e+00,5.054699999999999704e+01,-5.469999999999970441e-01
5.620000000000000000e+02,5.000000000000000000e+01,0.000000000000000000e+00,5.054699999999999704e+01,-5.469999999999970441e-01
5.630000000000000000e+02,5.000000000000000000e+01,0.000000000000000000e+00,5.048199999999999932e+01,-4.819999999999993179e-01
5.640000000000000000e+02,5.000000000000000000e+01,0.000000000000000000e+00,5.022500000000000142e+01,-2.250000000000014211e-01
5.650000000000000000e+02,5.000000000000000000e+01,0.000000000000000000e+00,5.019200000000000017e+01,-1.920000000000001705e-01
5.660000000000000000e+02,5.000000000000000000e+01,0.000000000000000000e+00,4.996699999999999875e+01,3.300000000000125056e-02
5.670000000000000000e+02,5.000000000000000000e+01,0.000000000000000000e+00,4.990200000000000102e+01,9.799999999999897682e-02
5.680000000000000000e+02,5.000000000000000000e+01,0.000000000000000000e+00,4.983800000000000097e+01,1.619999999999990337e-01
5.690000000000000000e+02,5.000000000000000000e+01,0.000000000000000000e+00,4.957999999999999829e+01,4.200000000000017053e-01
5.700000000000000000e+02,5.000000000000000000e+01,0.000000000000000000e+00,4.938700000000000045e+01,6.129999999999995453e-01
5.710000000000000000e+02,5.000000000000000000e+01,0.000000000000000000e+00,4.928999999999999915e+01,7.100000000000008527e-01
5.720000000000000000e+02,5.000000000000000000e+01,1.351999999998980684e-01,4.925800000000000267e+01,7.419999999999973284e-01
5.730000000000000000e+02,5.000000000000000000e+01,1.757999999999995566e+00,4.919299999999999784e+01,8.070000000000021600e-01
5.740000000000000000e+02,5.000000000000000000e+01,7.323599999999952814e+00,4.893599999999999994e+01,1.064000000000000057e+00
5.750000000000000000e+02,5.000000000000000000e+01,6.443599999999952033e+00,4.900000000000000000e+01,1.000000000000000000e+00
5.760000000000000000e+02,5.000000000000000000e+01,1.406519999999993509e+01,4.864600000000000080e+01,1.353999999999999204e+00
5.770000000000000000e+02,5.000000000000000000e+01,1.460679999999993406e+01,4.864600000000000080e+01,1.353999999999999204e+00
5.780000000000000000e+02,5.000000000000000000e+01,2.041159999999998576e+01,4.838799999999999812e+01,1.612000000000001876e+00
5.790000000000000000e+02,5.000000000000000000e+01,1.909799999999991371e+01,4.848400000000000176e+01,1.515999999999998238e+00
5.800000000000000000e+02,5.000000000000000000e+01,2.429439999999994271e+01,4.825900000000000034e+01,1.740999999999999659e+00
5.810000000000000000e+02,5.000000000000000000e+01,2.631679999999989406e+01,4.819400000000000261e+01,1.805999999999997385e+00
5.820000000000000000e+02,5.000000000000000000e+01,3.032359999999992084e+01,4.803300000000000125e+01,1.966999999999998749e+00
5.830000000000000000e+02,5.000000000000000000e+01,3.241599999999992576e+01,4.796900000000000119e+01,2.030999999999998806e+00
5.840000000000000000e+02,5.000000000000000000e+01,3.914439999999990505e+01,4.767900000000000205e+01,2.320999999999997954e+00
5.850000000000000000e+02,5.000000000000000000e+01,4.007279999999990139e+01,4.767900000000000205e+01,2.320999999999997954e+00
5.860000000000000000e+02,5.000000000000000000e+01,4.167439999999992750e+01,4.764600000000000080e+01,2.353999999999999204e+00
5.870000000000000000e+02,5.000000000000000000e+01,4.655319999999988312e+01,4.745300000000000296e+01,2.546999999999997044e+00
5.880000000000000000e+02,5.000000000000000000e+01,4.822479999999995925e+01,4.742099999999999937e+01,2.579000000000000625e+00
5.890000000000000000e+02,5.000000000000000000e+01,5.254079999999998307e+01,4.725999999999999801e+01,2.740000000000001990e+00
5.900000000000000000e+02,5.000000000000000000e+01,5.363679999999998671e+01,4.725999999999999801e+01,2.740000000000001990e+00
5.910000000000000000e+02,5.000000000000000000e+01,5.671160000000001133e+01,4.716299999999999670e+01,2.837000000000003297e+00
5.920000000000000000e+02,5.000000000000000000e+01,6.047799999999996601e+01,4.703399999999999892e+01,2.966000000000001080e+00
5.930000000000000000e+02,5.000000000000000000e+01,6.231719999999990023e+01,4.700200000000000244e+01,2.997999999999997556e+00
5.940000000000000000e+02,5.000000000000000000e+01,6.745359999999999445e+01,4.680899999999999750e+01,3.191000000000002501e+00
5.950000000000000000e+02,5.000000000000000000e+01,7.070879999999988286e+01,4.671200000000000330e+01,3.287999999999996703e+00
5.960000000000000000e+02,5.000000000000000000e+01,7.334999999999998010e+01,4.664699999999999847e+01,3.353000000000001535e+00
5.970000000000000000e+02,5.000000000000000000e+01,7.401799999999995805e+01,4.667999999999999972e+01,3.320000000000000284e+00
5.980000000000000000e+02,5.000000000000000000e+01,7.797759999999991010e+01,4.655100000000000193e+01,3.448999999999998067e+00
5.990000000000000000e+02,5.000000000000000000e+01,8.068319999999999936e+01,4.648599999999999710e+01,3.514000000000002899e+00
6.000000000000000000e+02,5.000000000000000000e+01,7.945719999999991501e+01,4.661500000000000199e+01,3.384999999999998010e+00
