t,Tref,u,T1,e
0.000000000000000000e+00,5.000000000000000000e+01,1.000000000000000000e+02,2.798799999999999955e+01,2.201200000000000045e+01
1.000000000000000000e+00,5.000000000000000000e+01,1.000000000000000000e+02,2.824599999999999866e+01,2.175400000000000134e+01
2.000000000000000000e+00,5.000000000000000000e+01,1.000000000000000000e+02,2.811700000000000088e+01,2.188299999999999912e+01
3.000000000000000000e+00,5.000000000000000000e+01,1.000000000000000000e+02,2.811700000000000088e+01,2.188299999999999912e+01
4.000000000000000000e+00,5.000000000000000000e+01,1.000000000000000000e+02,2.824599999999999866e+01,2.175400000000000134e+01
5.000000000000000000e+00,5.000000000000000000e+01,1.000000000000000000e+02,2.818199999999999861e+01,2.181800000000000139e+01
6.000000000000000000e+00,5.000000000000000000e+01,1.000000000000000000e+02,2.821399999999999864e+01,2.178600000000000136e+01
7.000000000000000000e+00,5.000000000000000000e+01,1.000000000000000000e+02,2.811700000000000088e+01,2.188299999999999912e+01
8.000000000000000000e+00,5.000000000000000000e+01,1.000000000000000000e+02,2.818199999999999861e+01,2.181800000000000139e+01
9.000000000000000000e+00,5.000000000000000000e+01,1.000000000000000000e+02,2.824599999999999866e+01,2.175400000000000134e+01
1.000000000000000000e+01,5.000000000000000000e+01,1.000000000000000000e+02,2.831099999999999994e+01,2.168900000000000006e+01
1.100000000000000000e+01,5.000000000000000000e+01,1.000000000000000000e+02,2.837500000000000000e+01,2.162500000000000000e+01
1.200000000000000000e+01,5.000000000000000000e+01,1.000000000000000000e+02,2.834299999999999997e+01,2.165700000000000003e+01
1.300000000000000000e+01,5.000000000000000000e+01,1.000000000000000000e+02,2.834299999999999997e+01,2.165700000000000003e+01
1.400000000000000000e+01,5.000000000000000000e+01,1.000000000000000000e+02,2.847200000000000131e+01,2.152799999999999869e+01
1.500000000000000000e+01,5.000000000000000000e+01,1.000000000000000000e+02,2.856800000000000139e+01,2.143199999999999861e+01
1.600000000000000000e+01,5.000000000000000000e+01,1.000000000000000000e+02,2.860099999999999909e+01,2.139900000000000091e+01
1.700000000000000000e+01,5.000000000000000000e+01,1.000000000000000000e+02,2.863299999999999912e+01,2.136700000000000088e+01
1.800000000000000000e+01,5.000000000000000000e+01,1.000000000000000000e+02,2.869699999999999918e+01,2.130300000000000082e+01
1.900000000000000000e+01,5.000000000000000000e+01,1.000000000000000000e+02,2.895499999999999829e+01,2.104500000000000171e+01
2.000000000000000000e+01,5.000000000000000000e+01,1.000000000000000000e+02,2.901999999999999957e+01,2.098000000000000043e+01
2.100000000000000000e+01,5.000000000000000000e+01,1.000000000000000000e+02,2.911599999999999966e+01,2.088400000000000034e+01
2.200000000000000000e+01,5.000000000000000000e+01,1.000000000000000000e+02,2.918100000000000094e+01,2.081899999999999906e+01
2.300000000000000000e+01,5.000000000000000000e+01,1.000000000000000000e+02,2.937399999999999878e+01,2.062600000000000122e+01
2.400000000000000000e+01,5.000000000000000000e+01,1.000000000000000000e+02,2.953500000000000014e+01,2.046499999999999986e+01
2.500000000000000000e+01,5.000000000000000000e+01,1.000000000000000000e+02,2.956700000000000017e+01,2.043299999999999983e+01
2.600000000000000000e+01,5.000000000000000000e+01,1.000000000000000000e+02,2.982499999999999929e+01,2.017500000000000071e+01
2.700000000000000000e+01,5.000000000000000000e+01,1.000000000000000000e+02,2.992200000000000060e+01,2.007799999999999940e+01
2.800000000000000000e+01,5.000000000000000000e+01,9.974500000000000455e+01,3.005099999999999838e+01,1.994900000000000162e+01
2.900000000000000000e+01,5.000000000000000000e+01,9.878000000000000114e+01,3.024399999999999977e+01,1.975600000000000023e+01
3.000000000000000000e+01,5.000000000000000000e+01,9.797499999999999432e+01,3.040500000000000114e+01,1.959499999999999886e+01
3.100000000000000000e+01,5.000000000000000000e+01,9.717000000000000171e+01,3.056599999999999895e+01,1.943400000000000105e+01
3.200000000000000000e+01,5.000000000000000000e+01,9.635999999999998522e+01,3.072800000000000153e+01,1.927199999999999847e+01
3.300000000000000000e+01,5.000000000000000000e+01,9.571999999999999886e+01,3.085600000000000165e+01,1.914399999999999835e+01
3.400000000000000000e+01,5.000000000000000000e+01,9.459000000000000341e+01,3.108200000000000074e+01,1.891799999999999926e+01
3.500000000000000000e+01,5.000000000000000000e+01,9.394500000000000739e+01,3.121099999999999852e+01,1.878900000000000148e+01
3.600000000000000000e+01,5.000000000000000000e+01,9.281499999999999773e+01,3.143700000000000117e+01,1.856299999999999883e+01
3.700000000000000000e+01,5.000000000000000000e+01,9.185000000000000853e+01,3.162999999999999901e+01,1.837000000000000099e+01
3.800000000000000000e+01,5.000000000000000000e+01,9.104500000000000171e+01,3.179100000000000037e+01,1.820899999999999963e+01
3.900000000000000000e+01,5.000000000000000000e+01,8.959499999999998465e+01,3.208100000000000307e+01,1.791899999999999693e+01
4.000000000000000000e+01,5.000000000000000000e+01,8.781999999999999318e+01,3.243599999999999994e+01,1.756400000000000006e+01
4.100000000000000000e+01,5.000000000000000000e+01,8.734000000000001762e+01,3.253199999999999648e+01,1.746800000000000352e+01
4.200000000000000000e+01,5.000000000000000000e+01,8.620999999999997954e+01,3.275800000000000267e+01,1.724199999999999733e+01
4.300000000000000000e+01,5.000000000000000000e+01,8.508500000000000796e+01,3.298299999999999699e+01,1.701700000000000301e+01
4.400000000000000000e+01,5.000000000000000000e+01,8.395499999999998408e+01,3.320900000000000318e+01,1.679099999999999682e+01
4.500000000000000000e+01,5.000000000000000000e+01,8.202000000000001023e+01,3.359599999999999653e+01,1.640400000000000347e+01
4.600000000000000000e+01,5.000000000000000000e+01,8.153999999999999204e+01,3.369200000000000017e+01,1.630799999999999983e+01
4.700000000000000000e+01,5.000000000000000000e+01,8.089500000000001023e+01,3.382099999999999795e+01,1.617900000000000205e+01
4.800000000000000000e+01,5.000000000000000000e+01,7.928000000000000114e+01,3.414399999999999835e+01,1.585600000000000165e+01
4.900000000000000000e+01,5.000000000000000000e+01,7.799499999999997613e+01,3.440100000000000335e+01,1.559899999999999665e+01
5.000000000000000000e+01,5.000000000000000000e+01,7.718499999999998806e+01,3.456300000000000239e+01,1.543699999999999761e+01
5.100000000000000000e+01,5.000000000000000000e+01,7.621999999999999886e+01,3.475600000000000023e+01,1.524399999999999977e+01
5.200000000000000000e+01,5.000000000000000000e+01,7.492999999999997840e+01,3.501400000000000290e+01,1.498599999999999710e+01
5.300000000000000000e+01,5.000000000000000000e+01,7.396500000000000341e+01,3.520700000000000074e+01,1.479299999999999926e+01
5.400000000000000000e+01,5.000000000000000000e+01,7.267499999999998295e+01,3.546500000000000341e+01,1.453499999999999659e+01
5.500000000000000000e+01,5.000000000000000000e+01,7.187000000000000455e+01,3.562599999999999767e+01,1.437400000000000233e+01
5.600000000000000000e+01,5.000000000000000000e+01,7.057999999999999829e+01,3.588400000000000034e+01,1.411599999999999966e+01
5.700000000000000000e+01,5.000000000000000000e+01,6.945499999999998408e+01,3.610900000000000176e+01,1.389099999999999824e+01
5.800000000000000000e+01,5.000000000000000000e+01,6.832499999999998863e+01,3.633500000000000085e+01,1.366499999999999915e+01
5.900000000000000000e+01,5.000000000000000000e+01,6.719499999999999318e+01,3.656099999999999994e+01,1.343900000000000006e+01
6.000000000000000000e+01,5.000000000000000000e+01,6.655500000000000682e+01,3.668900000000000006e+01,1.331099999999999994e+01
6.100000000000000000e+01,5.000000000000000000e+01,6.542500000000001137e+01,3.691499999999999915e+01,1.308500000000000085e+01
6.200000000000000000e+01,5.000000000000000000e+01,6.413499999999999091e+01,3.717300000000000182e+01,1.282699999999999818e+01
6.300000000000000000e+01,5.000000000000000000e+01,6.284500000000001307e+01,3.743099999999999739e+01,1.256900000000000261e+01
6.400000000000000000e+01,5.000000000000000000e+01,6.172000000000000597e+01,3.765599999999999881e+01,1.234400000000000119e+01
6.500000000000000000e+01,5.000000000000000000e+01,6.091499999999999915e+01,3.781700000000000017e+01,1.218299999999999983e+01
6.600000000000000000e+01,5.000000000000000000e+01,5.978500000000000369e+01,3.804299999999999926e+01,1.195700000000000074e+01
6.700000000000000000e+01,5.000000000000000000e+01,5.897999999999999687e+01,3.820400000000000063e+01,1.179599999999999937e+01
6.800000000000000000e+01,5.000000000000000000e+01,5.768999999999998352e+01,3.846200000000000330e+01,1.153799999999999670e+01
6.900000000000000000e+01,5.000000000000000000e+01,5.655999999999998806e+01,3.868800000000000239e+01,1.131199999999999761e+01
7.000000000000000000e+01,5.000000000000000000e+01,5.608000000000000540e+01,3.878399999999999892e+01,1.121600000000000108e+01
7.100000000000000000e+01,5.000000000000000000e+01,5.495000000000000995e+01,3.900999999999999801e+01,1.099000000000000199e+01
7.200000000000000000e+01,5.000000000000000000e+01,5.350000000000001421e+01,3.929999999999999716e+01,1.070000000000000284e+01
7.300000000000000000e+01,5.000000000000000000e+01,5.301999999999999602e+01,3.939600000000000080e+01,1.060399999999999920e+01
7.400000000000000000e+01,5.000000000000000000e+01,5.189000000000000057e+01,3.962199999999999989e+01,1.037800000000000011e+01
7.500000000000000000e+01,5.000000000000000000e+01,5.108499999999999375e+01,3.978300000000000125e+01,1.021699999999999875e+01
7.600000000000000000e+01,5.000000000000000000e+01,5.011500000000001620e+01,3.997699999999999676e+01,1.002300000000000324e+01
7.700000000000000000e+01,5.000000000000000000e+01,4.882999999999999119e+01,4.023400000000000176e+01,9.765999999999998238e+00
7.800000000000000000e+01,5.000000000000000000e+01,4.850500000000000256e+01,4.029899999999999949e+01,9.701000000000000512e+00
7.900000000000000000e+01,5.000000000000000000e+01,4.721499999999998920e+01,4.055700000000000216e+01,9.442999999999997840e+00
8.000000000000000000e+01,5.000000000000000000e+01,4.689499999999998892e+01,4.062100000000000222e+01,9.378999999999997783e+00
8.100000000000000000e+01,5.000000000000000000e+01,4.592999999999999972e+01,4.081400000000000006e+01,9.185999999999999943e+00
8.200000000000000000e+01,5.000000000000000000e+01,4.528500000000001080e+01,4.094299999999999784e+01,9.057000000000002160e+00
8.300000000000000000e+01,5.000000000000000000e+01,4.431499999999999773e+01,4.113700000000000045e+01,8.862999999999999545e+00
8.400000000000000000e+01,5.000000000000000000e+01,4.367000000000000881e+01,4.126599999999999824e+01,8.734000000000001762e+00
8.500000000000000000e+01,5.000000000000000000e+01,4.302499999999998437e+01,4.139500000000000313e+01,8.604999999999996874e+00
8.600000000000000000e+01,5.000000000000000000e+01,4.270499999999998408e+01,4.145900000000000318e+01,8.540999999999996817e+00
8.700000000000000000e+01,5.000000000000000000e+01,4.222000000000001307e+01,4.155599999999999739e+01,8.444000000000002615e+00
8.800000000000000000e+01,5.000000000000000000e+01,4.077000000000001734e+01,4.184599999999999653e+01,8.154000000000003467e+00
8.900000000000000000e+01,5.000000000000000000e+01,4.028999999999999915e+01,4.194200000000000017e+01,8.057999999999999829e+00
9.000000000000000000e+01,5.000000000000000000e+01,3.916000000000000369e+01,4.216799999999999926e+01,7.832000000000000739e+00
9.100000000000000000e+01,5.000000000000000000e+01,3.884000000000000341e+01,4.223199999999999932e+01,7.768000000000000682e+00
9.200000000000000000e+01,5.000000000000000000e+01,3.867499999999999716e+01,4.226500000000000057e+01,7.734999999999999432e+00
9.300000000000000000e+01,5.000000000000000000e+01,3.819500000000001450e+01,4.236099999999999710e+01,7.639000000000002899e+00
9.400000000000000000e+01,5.000000000000000000e+01,3.754999999999999005e+01,4.249000000000000199e+01,7.509999999999998010e+00
9.500000000000000000e+01,5.000000000000000000e+01,3.690500000000000114e+01,4.261899999999999977e+01,7.381000000000000227e+00
9.600000000000000000e+01,5.000000000000000000e+01,3.658000000000001251e+01,4.268399999999999750e+01,7.316000000000002501e+00
9.700000000000000000e+01,5.000000000000000000e+01,3.609999999999999432e+01,4.278000000000000114e+01,7.219999999999998863e+00
9.800000000000000000e+01,5.000000000000000000e+01,3.577500000000000568e+01,4.284499999999999886e+01,7.155000000000001137e+00
9.900000000000000000e+01,5.000000000000000000e+01,3.545500000000000540e+01,4.290899999999999892e+01,7.091000000000001080e+00
1.000000000000000000e+02,5.000000000000000000e+01,3.496999999999999886e+01,4.300600000000000023e+01,6.993999999999999773e+00
1.010000000000000000e+02,5.000000000000000000e+01,3.416499999999999204e+01,4.316700000000000159e+01,6.832999999999998408e+00
1.020000000000000000e+02,5.000000000000000000e+01,3.416499999999999204e+01,4.316700000000000159e+01,6.832999999999998408e+00
1.030000000000000000e+02,5.000000000000000000e+01,3.416499999999999204e+01,4.316700000000000159e+01,6.832999999999998408e+00
1.040000000000000000e+02,5.000000000000000000e+01,3.335999999999998522e+01,4.332800000000000296e+01,6.671999999999997044e+00
1.050000000000000000e+02,5.000000000000000000e+01,3.303499999999999659e+01,4.339300000000000068e+01,6.606999999999999318e+00
1.060000000000000000e+02,5.000000000000000000e+01,3.255500000000001393e+01,4.348899999999999721e+01,6.511000000000002785e+00
1.070000000000000000e+02,5.000000000000000000e+01,3.207000000000000739e+01,4.358599999999999852e+01,6.414000000000001478e+00
1.080000000000000000e+02,5.000000000000000000e+01,3.207000000000000739e+01,4.358599999999999852e+01,6.414000000000001478e+00
1.090000000000000000e+02,5.000000000000000000e+01,3.190999999999998948e+01,4.361800000000000210e+01,6.381999999999997897e+00
1.100000000000000000e+02,5.000000000000000000e+01,3.158500000000000085e+01,4.368299999999999983e+01,6.317000000000000171e+00
1.110000000000000000e+02,5.000000000000000000e+01,3.110499999999998266e+01,4.377900000000000347e+01,6.220999999999996533e+00
1.120000000000000000e+02,5.000000000000000000e+01,3.126500000000000057e+01,4.374699999999999989e+01,6.253000000000000114e+00
1.130000000000000000e+02,5.000000000000000000e+01,3.077999999999999403e+01,4.384400000000000119e+01,6.155999999999998806e+00
1.140000000000000000e+02,5.000000000000000000e+01,3.013500000000000512e+01,4.397299999999999898e+01,6.027000000000001023e+00
1.150000000000000000e+02,5.000000000000000000e+01,2.949000000000001620e+01,4.410199999999999676e+01,5.898000000000003240e+00
1.160000000000000000e+02,5.000000000000000000e+01,2.949000000000001620e+01,4.410199999999999676e+01,5.898000000000003240e+00
1.170000000000000000e+02,5.000000000000000000e+01,2.900999999999999801e+01,4.419800000000000040e+01,5.801999999999999602e+00
1.180000000000000000e+02,5.000000000000000000e+01,2.885000000000001563e+01,4.422999999999999687e+01,5.770000000000003126e+00
1.190000000000000000e+02,5.000000000000000000e+01,2.868500000000000938e+01,4.426299999999999812e+01,5.737000000000001876e+00
1.200000000000000000e+02,5.000000000000000000e+01,2.885000000000001563e+01,4.422999999999999687e+01,5.770000000000003126e+00
1.210000000000000000e+02,5.000000000000000000e+01,2.836500000000000909e+01,4.432699999999999818e+01,5.673000000000001819e+00
1.220000000000000000e+02,5.000000000000000000e+01,2.820499999999999119e+01,4.435900000000000176e+01,5.640999999999998238e+00
1.230000000000000000e+02,5.000000000000000000e+01,2.803999999999998494e+01,4.439200000000000301e+01,5.607999999999996987e+00
1.240000000000000000e+02,5.000000000000000000e+01,2.803999999999998494e+01,4.439200000000000301e+01,5.607999999999996987e+00
1.250000000000000000e+02,5.000000000000000000e+01,2.788000000000000256e+01,4.442399999999999949e+01,5.576000000000000512e+00
1.260000000000000000e+02,5.000000000000000000e+01,2.788000000000000256e+01,4.442399999999999949e+01,5.576000000000000512e+00
1.270000000000000000e+02,5.000000000000000000e+01,2.788000000000000256e+01,4.442399999999999949e+01,5.576000000000000512e+00
1.280000000000000000e+02,5.000000000000000000e+01,2.771999999999998465e+01,4.445600000000000307e+01,5.543999999999996930e+00
1.290000000000000000e+02,5.000000000000000000e+01,2.723500000000001364e+01,4.455299999999999727e+01,5.447000000000002728e+00
1.300000000000000000e+02,5.000000000000000000e+01,2.788000000000000256e+01,4.442399999999999949e+01,5.576000000000000512e+00
1.310000000000000000e+02,5.000000000000000000e+01,2.788000000000000256e+01,4.442399999999999949e+01,5.576000000000000512e+00
1.320000000000000000e+02,5.000000000000000000e+01,2.756000000000000227e+01,4.448799999999999955e+01,5.512000000000000455e+00
1.330000000000000000e+02,5.000000000000000000e+01,2.771999999999998465e+01,4.445600000000000307e+01,5.543999999999996930e+00
1.340000000000000000e+02,5.000000000000000000e+01,2.788000000000000256e+01,4.442399999999999949e+01,5.576000000000000512e+00
1.350000000000000000e+02,5.000000000000000000e+01,2.771999999999998465e+01,4.445600000000000307e+01,5.543999999999996930e+00
1.360000000000000000e+02,5.000000000000000000e+01,2.788000000000000256e+01,4.442399999999999949e+01,5.576000000000000512e+00
1.370000000000000000e+02,5.000000000000000000e+01,2.788000000000000256e+01,4.442399999999999949e+01,5.576000000000000512e+00
1.380000000000000000e+02,5.000000000000000000e+01,2.771999999999998465e+01,4.445600000000000307e+01,5.543999999999996930e+00
1.390000000000000000e+02,5.000000000000000000e+01,2.739499999999999602e+01,4.452100000000000080e+01,5.478999999999999204e+00
1.400000000000000000e+02,5.000000000000000000e+01,2.739499999999999602e+01,4.452100000000000080e+01,5.478999999999999204e+00
1.410000000000000000e+02,5.000000000000000000e+01,2.771999999999998465e+01,4.445600000000000307e+01,5.543999999999996930e+00
1.420000000000000000e+02,5.000000000000000000e+01,2.691500000000001336e+01,4.461699999999999733e+01,5.383000000000002672e+00
1.430000000000000000e+02,5.000000000000000000e+01,2.707499999999999574e+01,4.458500000000000085e+01,5.414999999999999147e+00
1.440000000000000000e+02,5.000000000000000000e+01,2.643000000000000682e+01,4.471399999999999864e+01,5.286000000000001364e+00
1.450000000000000000e+02,5.000000000000000000e+01,2.675499999999999545e+01,4.464900000000000091e+01,5.350999999999999091e+00
1.460000000000000000e+02,5.000000000000000000e+01,2.723500000000001364e+01,4.455299999999999727e+01,5.447000000000002728e+00
1.470000000000000000e+02,5.000000000000000000e+01,2.723500000000001364e+01,4.455299999999999727e+01,5.447000000000002728e+00
1.480000000000000000e+02,5.000000000000000000e+01,2.675499999999999545e+01,4.464900000000000091e+01,5.350999999999999091e+00
1.490000000000000000e+02,5.000000000000000000e+01,2.707499999999999574e+01,4.458500000000000085e+01,5.414999999999999147e+00
1.500000000000000000e+02,5.000000000000000000e+01,2.658999999999998920e+01,4.468200000000000216e+01,5.317999999999997840e+00
1.510000000000000000e+02,5.000000000000000000e+01,2.675499999999999545e+01,4.464900000000000091e+01,5.350999999999999091e+00
1.520000000000000000e+02,5.000000000000000000e+01,2.658999999999998920e+01,4.468200000000000216e+01,5.317999999999997840e+00
1.530000000000000000e+02,5.000000000000000000e+01,2.643000000000000682e+01,4.471399999999999864e+01,5.286000000000001364e+00
1.540000000000000000e+02,5.000000000000000000e+01,2.626999999999998892e+01,4.474600000000000222e+01,5.253999999999997783e+00
1.550000000000000000e+02,5.000000000000000000e+01,2.611000000000000654e+01,4.477799999999999869e+01,5.222000000000001307e+00
1.560000000000000000e+02,5.000000000000000000e+01,2.626999999999998892e+01,4.474600000000000222e+01,5.253999999999997783e+00
1.570000000000000000e+02,5.000000000000000000e+01,2.626999999999998892e+01,4.474600000000000222e+01,5.253999999999997783e+00
1.580000000000000000e+02,5.000000000000000000e+01,2.626999999999998892e+01,4.474600000000000222e+01,5.253999999999997783e+00
1.590000000000000000e+02,5.000000000000000000e+01,2.626999999999998892e+01,4.474600000000000222e+01,5.253999999999997783e+00
1.600000000000000000e+02,5.000000000000000000e+01,2.626999999999998892e+01,4.474600000000000222e+01,5.253999999999997783e+00
1.610000000000000000e+02,5.000000000000000000e+01,2.626999999999998892e+01,4.474600000000000222e+01,5.253999999999997783e+00
1.620000000000000000e+02,5.000000000000000000e+01,2.626999999999998892e+01,4.474600000000000222e+01,5.253999999999997783e+00
1.630000000000000000e+02,5.000000000000000000e+01,2.611000000000000654e+01,4.477799999999999869e+01,5.222000000000001307e+00
1.640000000000000000e+02,5.000000000000000000e+01,2.594500000000000028e+01,4.481099999999999994e+01,5.189000000000000057e+00
1.650000000000000000e+02,5.000000000000000000e+01,2.626999999999998892e+01,4.474600000000000222e+01,5.253999999999997783e+00
1.660000000000000000e+02,5.000000000000000000e+01,2.562500000000000000e+01,4.487500000000000000e+01,5.125000000000000000e+00
1.670000000000000000e+02,5.000000000000000000e+01,2.611000000000000654e+01,4.477799999999999869e+01,5.222000000000001307e+00
1.680000000000000000e+02,5.000000000000000000e+01,2.578499999999998238e+01,4.484300000000000352e+01,5.156999999999996476e+00
1.690000000000000000e+02,5.000000000000000000e+01,2.643000000000000682e+01,4.471399999999999864e+01,5.286000000000001364e+00
1.700000000000000000e+02,5.000000000000000000e+01,2.626999999999998892e+01,4.474600000000000222e+01,5.253999999999997783e+00
1.710000000000000000e+02,5.000000000000000000e+01,2.626999999999998892e+01,4.474600000000000222e+01,5.253999999999997783e+00
1.720000000000000000e+02,5.000000000000000000e+01,2.691500000000001336e+01,4.461699999999999733e+01,5.383000000000002672e+00
1.730000000000000000e+02,5.000000000000000000e+01,2.675499999999999545e+01,4.464900000000000091e+01,5.350999999999999091e+00
1.740000000000000000e+02,5.000000000000000000e+01,2.707499999999999574e+01,4.458500000000000085e+01,5.414999999999999147e+00
1.750000000000000000e+02,5.000000000000000000e+01,2.691500000000001336e+01,4.461699999999999733e+01,5.383000000000002672e+00
1.760000000000000000e+02,5.000000000000000000e+01,2.675499999999999545e+01,4.464900000000000091e+01,5.350999999999999091e+00
1.770000000000000000e+02,5.000000000000000000e+01,2.723500000000001364e+01,4.455299999999999727e+01,5.447000000000002728e+00
1.780000000000000000e+02,5.000000000000000000e+01,2.739499999999999602e+01,4.452100000000000080e+01,5.478999999999999204e+00
1.790000000000000000e+02,5.000000000000000000e+01,2.675499999999999545e+01,4.464900000000000091e+01,5.350999999999999091e+00
1.800000000000000000e+02,5.000000000000000000e+01,2.675499999999999545e+01,4.464900000000000091e+01,5.350999999999999091e+00
1.810000000000000000e+02,5.000000000000000000e+01,2.675499999999999545e+01,4.464900000000000091e+01,5.350999999999999091e+00
1.820000000000000000e+02,5.000000000000000000e+01,2.611000000000000654e+01,4.477799999999999869e+01,5.222000000000001307e+00
1.830000000000000000e+02,5.000000000000000000e+01,2.626999999999998892e+01,4.474600000000000222e+01,5.253999999999997783e+00
1.840000000000000000e+02,5.000000000000000000e+01,2.626999999999998892e+01,4.474600000000000222e+01,5.253999999999997783e+00
1.850000000000000000e+02,5.000000000000000000e+01,2.626999999999998892e+01,4.474600000000000222e+01,5.253999999999997783e+00
1.860000000000000000e+02,5.000000000000000000e+01,2.626999999999998892e+01,4.474600000000000222e+01,5.253999999999997783e+00
1.870000000000000000e+02,5.000000000000000000e+01,2.611000000000000654e+01,4.477799999999999869e+01,5.222000000000001307e+00
1.880000000000000000e+02,5.000000000000000000e+01,2.643000000000000682e+01,4.471399999999999864e+01,5.286000000000001364e+00
1.890000000000000000e+02,5.000000000000000000e+01,2.626999999999998892e+01,4.474600000000000222e+01,5.253999999999997783e+00
1.900000000000000000e+02,5.000000000000000000e+01,2.658999999999998920e+01,4.468200000000000216e+01,5.317999999999997840e+00
1.910000000000000000e+02,5.000000000000000000e+01,2.658999999999998920e+01,4.468200000000000216e+01,5.317999999999997840e+00
1.920000000000000000e+02,5.000000000000000000e+01,2.658999999999998920e+01,4.468200000000000216e+01,5.317999999999997840e+00
1.930000000000000000e+02,5.000000000000000000e+01,2.675499999999999545e+01,4.464900000000000091e+01,5.350999999999999091e+00
1.940000000000000000e+02,5.000000000000000000e+01,2.707499999999999574e+01,4.458500000000000085e+01,5.414999999999999147e+00
1.950000000000000000e+02,5.000000000000000000e+01,2.756000000000000227e+01,4.448799999999999955e+01,5.512000000000000455e+00
1.960000000000000000e+02,5.000000000000000000e+01,2.756000000000000227e+01,4.448799999999999955e+01,5.512000000000000455e+00
1.970000000000000000e+02,5.000000000000000000e+01,2.756000000000000227e+01,4.448799999999999955e+01,5.512000000000000455e+00
1.980000000000000000e+02,5.000000000000000000e+01,2.820499999999999119e+01,4.435900000000000176e+01,5.640999999999998238e+00
1.990000000000000000e+02,5.000000000000000000e+01,2.788000000000000256e+01,4.442399999999999949e+01,5.576000000000000512e+00
2.000000000000000000e+02,5.000000000000000000e+01,2.803999999999998494e+01,4.439200000000000301e+01,5.607999999999996987e+00
2.010000000000000000e+02,5.000000000000000000e+01,2.771999999999998465e+01,4.445600000000000307e+01,5.543999999999996930e+00
2.020000000000000000e+02,5.000000000000000000e+01,2.739499999999999602e+01,4.452100000000000080e+01,5.478999999999999204e+00
2.030000000000000000e+02,5.000000000000000000e+01,2.788000000000000256e+01,4.442399999999999949e+01,5.576000000000000512e+00
2.040000000000000000e+02,5.000000000000000000e+01,2.756000000000000227e+01,4.448799999999999955e+01,5.512000000000000455e+00
2.050000000000000000e+02,5.000000000000000000e+01,2.771999999999998465e+01,4.445600000000000307e+01,5.543999999999996930e+00
2.060000000000000000e+02,5.000000000000000000e+01,2.788000000000000256e+01,4.442399999999999949e+01,5.576000000000000512e+00
2.070000000000000000e+02,5.000000000000000000e+01,2.788000000000000256e+01,4.442399999999999949e+01,5.576000000000000512e+00
2.080000000000000000e+02,5.000000000000000000e+01,2.771999999999998465e+01,4.445600000000000307e+01,5.543999999999996930e+00
2.090000000000000000e+02,5.000000000000000000e+01,2.788000000000000256e+01,4.442399999999999949e+01,5.576000000000000512e+00
2.100000000000000000e+02,5.000000000000000000e+01,2.788000000000000256e+01,4.442399999999999949e+01,5.576000000000000512e+00
2.110000000000000000e+02,5.000000000000000000e+01,2.788000000000000256e+01,4.442399999999999949e+01,5.576000000000000512e+00
2.120000000000000000e+02,5.000000000000000000e+01,2.771999999999998465e+01,4.445600000000000307e+01,5.543999999999996930e+00
2.130000000000000000e+02,5.000000000000000000e+01,2.756000000000000227e+01,4.448799999999999955e+01,5.512000000000000455e+00
2.140000000000000000e+02,5.000000000000000000e+01,2.739499999999999602e+01,4.452100000000000080e+01,5.478999999999999204e+00
2.150000000000000000e+02,5.000000000000000000e+01,2.788000000000000256e+01,4.442399999999999949e+01,5.576000000000000512e+00
2.160000000000000000e+02,5.000000000000000000e+01,2.820499999999999119e+01,4.435900000000000176e+01,5.640999999999998238e+00
2.170000000000000000e+02,5.000000000000000000e+01,2.788000000000000256e+01,4.442399999999999949e+01,5.576000000000000512e+00
2.180000000000000000e+02,5.000000000000000000e+01,2.771999999999998465e+01,4.445600000000000307e+01,5.543999999999996930e+00
2.190000000000000000e+02,5.000000000000000000e+01,2.723500000000001364e+01,4.455299999999999727e+01,5.447000000000002728e+00
2.200000000000000000e+02,5.000000000000000000e+01,2.756000000000000227e+01,4.448799999999999955e+01,5.512000000000000455e+00
2.210000000000000000e+02,5.000000000000000000e+01,2.691500000000001336e+01,4.461699999999999733e+01,5.383000000000002672e+00
2.220000000000000000e+02,5.000000000000000000e+01,2.723500000000001364e+01,4.455299999999999727e+01,5.447000000000002728e+00
2.230000000000000000e+02,5.000000000000000000e+01,2.675499999999999545e+01,4.464900000000000091e+01,5.350999999999999091e+00
2.240000000000000000e+02,5.000000000000000000e+01,2.691500000000001336e+01,4.461699999999999733e+01,5.383000000000002672e+00
2.250000000000000000e+02,5.000000000000000000e+01,2.707499999999999574e+01,4.458500000000000085e+01,5.414999999999999147e+00
2.260000000000000000e+02,5.000000000000000000e+01,2.658999999999998920e+01,4.468200000000000216e+01,5.317999999999997840e+00
2.270000000000000000e+02,5.000000000000000000e+01,2.691500000000001336e+01,4.461699999999999733e+01,5.383000000000002672e+00
2.280000000000000000e+02,5.000000000000000000e+01,2.707499999999999574e+01,4.458500000000000085e+01,5.414999999999999147e+00
2.290000000000000000e+02,5.000000000000000000e+01,2.691500000000001336e+01,4.461699999999999733e+01,5.383000000000002672e+00
2.300000000000000000e+02,5.000000000000000000e+01,2.658999999999998920e+01,4.468200000000000216e+01,5.317999999999997840e+00
2.310000000000000000e+02,5.000000000000000000e+01,2.691500000000001336e+01,4.461699999999999733e+01,5.383000000000002672e+00
2.320000000000000000e+02,5.000000000000000000e+01,2.739499999999999602e+01,4.452100000000000080e+01,5.478999999999999204e+00
2.330000000000000000e+02,5.000000000000000000e+01,2.756000000000000227e+01,4.448799999999999955e+01,5.512000000000000455e+00
2.340000000000000000e+02,5.000000000000000000e+01,2.723500000000001364e+01,4.455299999999999727e+01,5.447000000000002728e+00
2.350000000000000000e+02,5.000000000000000000e+01,2.771999999999998465e+01,4.445600000000000307e+01,5.543999999999996930e+00
2.360000000000000000e+02,5.000000000000000000e+01,2.675499999999999545e+01,4.464900000000000091e+01,5.350999999999999091e+00
2.370000000000000000e+02,5.000000000000000000e+01,2.658999999999998920e+01,4.468200000000000216e+01,5.317999999999997840e+00
2.380000000000000000e+02,5.000000000000000000e+01,2.675499999999999545e+01,4.464900000000000091e+01,5.350999999999999091e+00
2.390000000000000000e+02,5.000000000000000000e+01,2.691500000000001336e+01,4.461699999999999733e+01,5.383000000000002672e+00
2.400000000000000000e+02,5.000000000000000000e+01,2.723500000000001364e+01,4.455299999999999727e+01,5.447000000000002728e+00
2.410000000000000000e+02,5.000000000000000000e+01,2.723500000000001364e+01,4.455299999999999727e+01,5.447000000000002728e+00
2.420000000000000000e+02,5.000000000000000000e+01,2.691500000000001336e+01,4.461699999999999733e+01,5.383000000000002672e+00
2.430000000000000000e+02,5.000000000000000000e+01,2.691500000000001336e+01,4.461699999999999733e+01,5.383000000000002672e+00
2.440000000000000000e+02,5.000000000000000000e+01,2.723500000000001364e+01,4.455299999999999727e+01,5.447000000000002728e+00
2.450000000000000000e+02,5.000000000000000000e+01,2.691500000000001336e+01,4.461699999999999733e+01,5.383000000000002672e+00
2.460000000000000000e+02,5.000000000000000000e+01,2.707499999999999574e+01,4.458500000000000085e+01,5.414999999999999147e+00
2.470000000000000000e+02,5.000000000000000000e+01,2.707499999999999574e+01,4.458500000000000085e+01,5.414999999999999147e+00
2.480000000000000000e+02,5.000000000000000000e+01,2.771999999999998465e+01,4.445600000000000307e+01,5.543999999999996930e+00
2.490000000000000000e+02,5.000000000000000000e+01,2.788000000000000256e+01,4.442399999999999949e+01,5.576000000000000512e+00
2.500000000000000000e+02,5.000000000000000000e+01,2.788000000000000256e+01,4.442399999999999949e+01,5.576000000000000512e+00
2.510000000000000000e+02,5.000000000000000000e+01,2.836500000000000909e+01,4.432699999999999818e+01,5.673000000000001819e+00
2.520000000000000000e+02,5.000000000000000000e+01,2.885000000000001563e+01,4.422999999999999687e+01,5.770000000000003126e+00
2.530000000000000000e+02,5.000000000000000000e+01,2.900999999999999801e+01,4.419800000000000040e+01,5.801999999999999602e+00
2.540000000000000000e+02,5.000000000000000000e+01,2.917000000000001592e+01,4.416599999999999682e+01,5.834000000000003183e+00
2.550000000000000000e+02,5.000000000000000000e+01,2.917000000000001592e+01,4.416599999999999682e+01,5.834000000000003183e+00
2.560000000000000000e+02,5.000000000000000000e+01,2.885000000000001563e+01,4.422999999999999687e+01,5.770000000000003126e+00
2.570000000000000000e+02,5.000000000000000000e+01,2.900999999999999801e+01,4.419800000000000040e+01,5.801999999999999602e+00
2.580000000000000000e+02,5.000000000000000000e+01,2.900999999999999801e+01,4.419800000000000040e+01,5.801999999999999602e+00
2.590000000000000000e+02,5.000000000000000000e+01,2.885000000000001563e+01,4.422999999999999687e+01,5.770000000000003126e+00
2.600000000000000000e+02,5.000000000000000000e+01,2.885000000000001563e+01,4.422999999999999687e+01,5.770000000000003126e+00
2.610000000000000000e+02,5.000000000000000000e+01,2.917000000000001592e+01,4.416599999999999682e+01,5.834000000000003183e+00
2.620000000000000000e+02,5.000000000000000000e+01,2.981500000000000483e+01,4.403699999999999903e+01,5.963000000000000966e+00
2.630000000000000000e+02,5.000000000000000000e+01,2.981500000000000483e+01,4.403699999999999903e+01,5.963000000000000966e+00
2.640000000000000000e+02,5.000000000000000000e+01,3.030000000000001137e+01,4.393999999999999773e+01,6.060000000000002274e+00
2.650000000000000000e+02,5.000000000000000000e+01,3.045999999999999375e+01,4.390800000000000125e+01,6.091999999999998749e+00
2.660000000000000000e+02,5.000000000000000000e+01,3.110499999999998266e+01,4.377900000000000347e+01,6.220999999999996533e+00
2.670000000000000000e+02,5.000000000000000000e+01,3.142499999999998295e+01,4.371500000000000341e+01,6.284999999999996589e+00
2.680000000000000000e+02,5.000000000000000000e+01,3.126500000000000057e+01,4.374699999999999989e+01,6.253000000000000114e+00
2.690000000000000000e+02,5.000000000000000000e+01,3.207000000000000739e+01,4.358599999999999852e+01,6.414000000000001478e+00
2.700000000000000000e+02,5.000000000000000000e+01,3.239499999999999602e+01,4.352100000000000080e+01,6.478999999999999204e+00
2.710000000000000000e+02,5.000000000000000000e+01,3.271499999999999631e+01,4.345700000000000074e+01,6.542999999999999261e+00
2.720000000000000000e+02,5.000000000000000000e+01,3.222999999999998977e+01,4.355400000000000205e+01,6.445999999999997954e+00
2.730000000000000000e+02,5.000000000000000000e+01,3.287500000000001421e+01,4.342499999999999716e+01,6.575000000000002842e+00
2.740000000000000000e+02,5.000000000000000000e+01,3.255500000000001393e+01,4.348899999999999721e+01,6.511000000000002785e+00
2.750000000000000000e+02,5.000000000000000000e+01,3.271499999999999631e+01,4.345700000000000074e+01,6.542999999999999261e+00
2.760000000000000000e+02,5.000000000000000000e+01,3.287500000000001421e+01,4.342499999999999716e+01,6.575000000000002842e+00
2.770000000000000000e+02,5.000000000000000000e+01,3.271499999999999631e+01,4.345700000000000074e+01,6.542999999999999261e+00
2.780000000000000000e+02,5.000000000000000000e+01,3.287500000000001421e+01,4.342499999999999716e+01,6.575000000000002842e+00
2.790000000000000000e+02,5.000000000000000000e+01,3.271499999999999631e+01,4.345700000000000074e+01,6.542999999999999261e+00
2.800000000000000000e+02,5.000000000000000000e+01,3.303499999999999659e+01,4.339300000000000068e+01,6.606999999999999318e+00
2.810000000000000000e+02,5.000000000000000000e+01,3.303499999999999659e+01,4.339300000000000068e+01,6.606999999999999318e+00
2.820000000000000000e+02,5.000000000000000000e+01,3.271499999999999631e+01,4.345700000000000074e+01,6.542999999999999261e+00
2.830000000000000000e+02,5.000000000000000000e+01,3.271499999999999631e+01,4.345700000000000074e+01,6.542999999999999261e+00
2.840000000000000000e+02,5.000000000000000000e+01,3.287500000000001421e+01,4.342499999999999716e+01,6.575000000000002842e+00
2.850000000000000000e+02,5.000000000000000000e+01,3.255500000000001393e+01,4.348899999999999721e+01,6.511000000000002785e+00
2.860000000000000000e+02,5.000000000000000000e+01,3.239499999999999602e+01,4.352100000000000080e+01,6.478999999999999204e+00
2.870000000000000000e+02,5.000000000000000000e+01,3.271499999999999631e+01,4.345700000000000074e+01,6.542999999999999261e+00
2.880000000000000000e+02,5.000000000000000000e+01,3.287500000000001421e+01,4.342499999999999716e+01,6.575000000000002842e+00
2.890000000000000000e+02,5.000000000000000000e+01,3.287500000000001421e+01,4.342499999999999716e+01,6.575000000000002842e+00
2.900000000000000000e+02,5.000000000000000000e+01,3.271499999999999631e+01,4.345700000000000074e+01,6.542999999999999261e+00
2.910000000000000000e+02,5.000000000000000000e+01,3.271499999999999631e+01,4.345700000000000074e+01,6.542999999999999261e+00
2.920000000000000000e+02,5.000000000000000000e+01,3.271499999999999631e+01,4.345700000000000074e+01,6.542999999999999261e+00
2.930000000000000000e+02,5.000000000000000000e+01,3.271499999999999631e+01,4.345700000000000074e+01,6.542999999999999261e+00
2.940000000000000000e+02,5.000000000000000000e+01,3.271499999999999631e+01,4.345700000000000074e+01,6.542999999999999261e+00
2.950000000000000000e+02,5.000000000000000000e+01,3.271499999999999631e+01,4.345700000000000074e+01,6.542999999999999261e+00
2.960000000000000000e+02,5.000000000000000000e+01,3.271499999999999631e+01,4.345700000000000074e+01,6.542999999999999261e+00
2.970000000000000000e+02,5.000000000000000000e+01,3.287500000000001421e+01,4.342499999999999716e+01,6.575000000000002842e+00
2.980000000000000000e+02,5.000000000000000000e+01,3.271499999999999631e+01,4.345700000000000074e+01,6.542999999999999261e+00
2.990000000000000000e+02,5.000000000000000000e+01,3.271499999999999631e+01,4.345700000000000074e+01,6.542999999999999261e+00
3.000000000000000000e+02,5.000000000000000000e+01,3.271499999999999631e+01,4.345700000000000074e+01,6.542999999999999261e+00
3.010000000000000000e+02,5.000000000000000000e+01,3.335999999999998522e+01,4.332800000000000296e+01,6.671999999999997044e+00
3.020000000000000000e+02,5.000000000000000000e+01,3.335999999999998522e+01,4.332800000000000296e+01,6.671999999999997044e+00
3.030000000000000000e+02,5.000000000000000000e+01,3.287500000000001421e+01,4.342499999999999716e+01,6.575000000000002842e+00
3.040000000000000000e+02,5.000000000000000000e+01,3.287500000000001421e+01,4.342499999999999716e+01,6.575000000000002842e+00
3.050000000000000000e+02,5.000000000000000000e+01,3.271499999999999631e+01,4.345700000000000074e+01,6.542999999999999261e+00
3.060000000000000000e+02,5.000000000000000000e+01,3.255500000000001393e+01,4.348899999999999721e+01,6.511000000000002785e+00
3.070000000000000000e+02,5.000000000000000000e+01,3.271499999999999631e+01,4.345700000000000074e+01,6.542999999999999261e+00
3.080000000000000000e+02,5.000000000000000000e+01,3.255500000000001393e+01,4.348899999999999721e+01,6.511000000000002785e+00
3.090000000000000000e+02,5.000000000000000000e+01,3.255500000000001393e+01,4.348899999999999721e+01,6.511000000000002785e+00
3.100000000000000000e+02,5.000000000000000000e+01,3.207000000000000739e+01,4.358599999999999852e+01,6.414000000000001478e+00
3.110000000000000000e+02,5.000000000000000000e+01,3.222999999999998977e+01,4.355400000000000205e+01,6.445999999999997954e+00
3.120000000000000000e+02,5.000000000000000000e+01,3.207000000000000739e+01,4.358599999999999852e+01,6.414000000000001478e+00
3.130000000000000000e+02,5.000000000000000000e+01,3.175000000000000711e+01,4.364999999999999858e+01,6.350000000000001421e+00
3.140000000000000000e+02,5.000000000000000000e+01,3.158500000000000085e+01,4.368299999999999983e+01,6.317000000000000171e+00
3.150000000000000000e+02,5.000000000000000000e+01,3.126500000000000057e+01,4.374699999999999989e+01,6.253000000000000114e+00
3.160000000000000000e+02,5.000000000000000000e+01,3.142499999999998295e+01,4.371500000000000341e+01,6.284999999999996589e+00
3.170000000000000000e+02,5.000000000000000000e+01,3.142499999999998295e+01,4.371500000000000341e+01,6.284999999999996589e+00
3.180000000000000000e+02,5.000000000000000000e+01,3.110499999999998266e+01,4.377900000000000347e+01,6.220999999999996533e+00
3.190000000000000000e+02,5.000000000000000000e+01,3.110499999999998266e+01,4.377900000000000347e+01,6.220999999999996533e+00
3.200000000000000000e+02,5.000000000000000000e+01,3.110499999999998266e+01,4.377900000000000347e+01,6.220999999999996533e+00
3.210000000000000000e+02,5.000000000000000000e+01,3.175000000000000711e+01,4.364999999999999858e+01,6.350000000000001421e+00
3.220000000000000000e+02,5.000000000000000000e+01,3.126500000000000057e+01,4.374699999999999989e+01,6.253000000000000114e+00
3.230000000000000000e+02,5.000000000000000000e+01,3.110499999999998266e+01,4.377900000000000347e+01,6.220999999999996533e+00
3.240000000000000000e+02,5.000000000000000000e+01,3.110499999999998266e+01,4.377900000000000347e+01,6.220999999999996533e+00
3.250000000000000000e+02,5.000000000000000000e+01,3.094000000000001194e+01,4.381199999999999761e+01,6.188000000000002387e+00
3.260000000000000000e+02,5.000000000000000000e+01,3.126500000000000057e+01,4.374699999999999989e+01,6.253000000000000114e+00
3.270000000000000000e+02,5.000000000000000000e+01,3.094000000000001194e+01,4.381199999999999761e+01,6.188000000000002387e+00
3.280000000000000000e+02,5.000000000000000000e+01,3.110499999999998266e+01,4.377900000000000347e+01,6.220999999999996533e+00
3.290000000000000000e+02,5.000000000000000000e+01,3.094000000000001194e+01,4.381199999999999761e+01,6.188000000000002387e+00
3.300000000000000000e+02,5.000000000000000000e+01,3.110499999999998266e+01,4.377900000000000347e+01,6.220999999999996533e+00
3.310000000000000000e+02,5.000000000000000000e+01,3.062000000000001165e+01,4.387599999999999767e+01,6.124000000000002331e+00
3.320000000000000000e+02,5.000000000000000000e+01,3.077999999999999403e+01,4.384400000000000119e+01,6.155999999999998806e+00
3.330000000000000000e+02,5.000000000000000000e+01,2.997499999999998721e+01,4.400500000000000256e+01,5.994999999999997442e+00
3.340000000000000000e+02,5.000000000000000000e+01,2.981500000000000483e+01,4.403699999999999903e+01,5.963000000000000966e+00
3.350000000000000000e+02,5.000000000000000000e+01,2.981500000000000483e+01,4.403699999999999903e+01,5.963000000000000966e+00
3.360000000000000000e+02,5.000000000000000000e+01,2.965499999999998693e+01,4.406900000000000261e+01,5.930999999999997385e+00
3.370000000000000000e+02,5.000000000000000000e+01,2.981500000000000483e+01,4.403699999999999903e+01,5.963000000000000966e+00
3.380000000000000000e+02,5.000000000000000000e+01,2.949000000000001620e+01,4.410199999999999676e+01,5.898000000000003240e+00
3.390000000000000000e+02,5.000000000000000000e+01,2.932999999999999829e+01,4.413400000000000034e+01,5.865999999999999659e+00
3.400000000000000000e+02,5.000000000000000000e+01,2.949000000000001620e+01,4.410199999999999676e+01,5.898000000000003240e+00
3.410000000000000000e+02,5.000000000000000000e+01,2.885000000000001563e+01,4.422999999999999687e+01,5.770000000000003126e+00
3.420000000000000000e+02,5.000000000000000000e+01,2.900999999999999801e+01,4.419800000000000040e+01,5.801999999999999602e+00
3.430000000000000000e+02,5.000000000000000000e+01,2.836500000000000909e+01,4.432699999999999818e+01,5.673000000000001819e+00
3.440000000000000000e+02,5.000000000000000000e+01,2.820499999999999119e+01,4.435900000000000176e+01,5.640999999999998238e+00
3.450000000000000000e+02,5.000000000000000000e+01,2.803999999999998494e+01,4.439200000000000301e+01,5.607999999999996987e+00
3.460000000000000000e+02,5.000000000000000000e+01,2.771999999999998465e+01,4.445600000000000307e+01,5.543999999999996930e+00
3.470000000000000000e+02,5.000000000000000000e+01,2.771999999999998465e+01,4.445600000000000307e+01,5.543999999999996930e+00
3.480000000000000000e+02,5.000000000000000000e+01,2.771999999999998465e+01,4.445600000000000307e+01,5.543999999999996930e+00
3.490000000000000000e+02,5.000000000000000000e+01,2.771999999999998465e+01,4.445600000000000307e+01,5.543999999999996930e+00
3.500000000000000000e+02,5.000000000000000000e+01,2.739499999999999602e+01,4.452100000000000080e+01,5.478999999999999204e+00
3.510000000000000000e+02,5.000000000000000000e+01,2.739499999999999602e+01,4.452100000000000080e+01,5.478999999999999204e+00
3.520000000000000000e+02,5.000000000000000000e+01,2.739499999999999602e+01,4.452100000000000080e+01,5.478999999999999204e+00
3.530000000000000000e+02,5.000000000000000000e+01,2.707499999999999574e+01,4.458500000000000085e+01,5.414999999999999147e+00
3.540000000000000000e+02,5.000000000000000000e+01,2.643000000000000682e+01,4.471399999999999864e+01,5.286000000000001364e+00
3.550000000000000000e+02,5.000000000000000000e+01,2.739499999999999602e+01,4.452100000000000080e+01,5.478999999999999204e+00
3.560000000000000000e+02,5.000000000000000000e+01,2.658999999999998920e+01,4.468200000000000216e+01,5.317999999999997840e+00
3.570000000000000000e+02,5.000000000000000000e+01,2.658999999999998920e+01,4.468200000000000216e+01,5.317999999999997840e+00
3.580000000000000000e+02,5.000000000000000000e+01,2.675499999999999545e+01,4.464900000000000091e+01,5.350999999999999091e+00
3.590000000000000000e+02,5.000000000000000000e+01,2.658999999999998920e+01,4.468200000000000216e+01,5.317999999999997840e+00
3.600000000000000000e+02,5.000000000000000000e+01,2.675499999999999545e+01,4.464900000000000091e+01,5.350999999999999091e+00
3.610000000000000000e+02,5.000000000000000000e+01,2.658999999999998920e+01,4.468200000000000216e+01,5.317999999999997840e+00
3.620000000000000000e+02,5.000000000000000000e+01,2.643000000000000682e+01,4.471399999999999864e+01,5.286000000000001364e+00
3.630000000000000000e+02,5.000000000000000000e+01,2.626999999999998892e+01,4.474600000000000222e+01,5.253999999999997783e+00
3.640000000000000000e+02,5.000000000000000000e+01,2.611000000000000654e+01,4.477799999999999869e+01,5.222000000000001307e+00
3.650000000000000000e+02,5.000000000000000000e+01,2.626999999999998892e+01,4.474600000000000222e+01,5.253999999999997783e+00
3.660000000000000000e+02,5.000000000000000000e+01,2.626999999999998892e+01,4.474600000000000222e+01,5.253999999999997783e+00
3.670000000000000000e+02,5.000000000000000000e+01,2.626999999999998892e+01,4.474600000000000222e+01,5.253999999999997783e+00
3.680000000000000000e+02,5.000000000000000000e+01,2.626999999999998892e+01,4.474600000000000222e+01,5.253999999999997783e+00
3.690000000000000000e+02,5.000000000000000000e+01,2.611000000000000654e+01,4.477799999999999869e+01,5.222000000000001307e+00
3.700000000000000000e+02,5.000000000000000000e+01,2.626999999999998892e+01,4.474600000000000222e+01,5.253999999999997783e+00
3.710000000000000000e+02,5.000000000000000000e+01,2.611000000000000654e+01,4.477799999999999869e+01,5.222000000000001307e+00
3.720000000000000000e+02,5.000000000000000000e+01,2.611000000000000654e+01,4.477799999999999869e+01,5.222000000000001307e+00
3.730000000000000000e+02,5.000000000000000000e+01,2.578499999999998238e+01,4.484300000000000352e+01,5.156999999999996476e+00
3.740000000000000000e+02,5.000000000000000000e+01,2.578499999999998238e+01,4.484300000000000352e+01,5.156999999999996476e+00
3.750000000000000000e+02,5.000000000000000000e+01,2.578499999999998238e+01,4.484300000000000352e+01,5.156999999999996476e+00
3.760000000000000000e+02,5.000000000000000000e+01,2.626999999999998892e+01,4.474600000000000222e+01,5.253999999999997783e+00
3.770000000000000000e+02,5.000000000000000000e+01,2.611000000000000654e+01,4.477799999999999869e+01,5.222000000000001307e+00
3.780000000000000000e+02,5.000000000000000000e+01,2.675499999999999545e+01,4.464900000000000091e+01,5.350999999999999091e+00
3.790000000000000000e+02,5.000000000000000000e+01,2.658999999999998920e+01,4.468200000000000216e+01,5.317999999999997840e+00
3.800000000000000000e+02,5.000000000000000000e+01,2.723500000000001364e+01,4.455299999999999727e+01,5.447000000000002728e+00
3.810000000000000000e+02,5.000000000000000000e+01,2.739499999999999602e+01,4.452100000000000080e+01,5.478999999999999204e+00
3.820000000000000000e+02,5.000000000000000000e+01,2.771999999999998465e+01,4.445600000000000307e+01,5.543999999999996930e+00
3.830000000000000000e+02,5.000000000000000000e+01,2.756000000000000227e+01,4.448799999999999955e+01,5.512000000000000455e+00
3.840000000000000000e+02,5.000000000000000000e+01,2.788000000000000256e+01,4.442399999999999949e+01,5.576000000000000512e+00
3.850000000000000000e+02,5.000000000000000000e+01,2.820499999999999119e+01,4.435900000000000176e+01,5.640999999999998238e+00
3.860000000000000000e+02,5.000000000000000000e+01,2.820499999999999119e+01,4.435900000000000176e+01,5.640999999999998238e+00
3.870000000000000000e+02,5.000000000000000000e+01,2.836500000000000909e+01,4.432699999999999818e+01,5.673000000000001819e+00
3.880000000000000000e+02,5.000000000000000000e+01,2.803999999999998494e+01,4.439200000000000301e+01,5.607999999999996987e+00
3.890000000000000000e+02,5.000000000000000000e+01,2.885000000000001563e+01,4.422999999999999687e+01,5.770000000000003126e+00
3.900000000000000000e+02,5.000000000000000000e+01,2.820499999999999119e+01,4.435900000000000176e+01,5.640999999999998238e+00
3.910000000000000000e+02,5.000000000000000000e+01,2.917000000000001592e+01,4.416599999999999682e+01,5.834000000000003183e+00
3.920000000000000000e+02,5.000000000000000000e+01,2.868500000000000938e+01,4.426299999999999812e+01,5.737000000000001876e+00
3.930000000000000000e+02,5.000000000000000000e+01,2.917000000000001592e+01,4.416599999999999682e+01,5.834000000000003183e+00
3.940000000000000000e+02,5.000000000000000000e+01,2.965499999999998693e+01,4.406900000000000261e+01,5.930999999999997385e+00
3.950000000000000000e+02,5.000000000000000000e+01,2.949000000000001620e+01,4.410199999999999676e+01,5.898000000000003240e+00
3.960000000000000000e+02,5.000000000000000000e+01,2.981500000000000483e+01,4.403699999999999903e+01,5.963000000000000966e+00
3.970000000000000000e+02,5.000000000000000000e+01,3.013500000000000512e+01,4.397299999999999898e+01,6.027000000000001023e+00
3.980000000000000000e+02,5.000000000000000000e+01,3.030000000000001137e+01,4.393999999999999773e+01,6.060000000000002274e+00
3.990000000000000000e+02,5.000000000000000000e+01,3.045999999999999375e+01,4.390800000000000125e+01,6.091999999999998749e+00
4.000000000000000000e+02,5.000000000000000000e+01,2.981500000000000483e+01,4.403699999999999903e+01,5.963000000000000966e+00
4.010000000000000000e+02,5.000000000000000000e+01,2.981500000000000483e+01,4.403699999999999903e+01,5.963000000000000966e+00
4.020000000000000000e+02,5.000000000000000000e+01,2.965499999999998693e+01,4.406900000000000261e+01,5.930999999999997385e+00
4.030000000000000000e+02,5.000000000000000000e+01,2.965499999999998693e+01,4.406900000000000261e+01,5.930999999999997385e+00
4.040000000000000000e+02,5.000000000000000000e+01,2.949000000000001620e+01,4.410199999999999676e+01,5.898000000000003240e+00
4.050000000000000000e+02,5.000000000000000000e+01,2.981500000000000483e+01,4.403699999999999903e+01,5.963000000000000966e+00
4.060000000000000000e+02,5.000000000000000000e+01,2.949000000000001620e+01,4.410199999999999676e+01,5.898000000000003240e+00
4.070000000000000000e+02,5.000000000000000000e+01,2.949000000000001620e+01,4.410199999999999676e+01,5.898000000000003240e+00
4.080000000000000000e+02,5.000000000000000000e+01,2.949000000000001620e+01,4.410199999999999676e+01,5.898000000000003240e+00
4.090000000000000000e+02,5.000000000000000000e+01,2.949000000000001620e+01,4.410199999999999676e+01,5.898000000000003240e+00
4.100000000000000000e+02,5.000000000000000000e+01,3.030000000000001137e+01,4.393999999999999773e+01,6.060000000000002274e+00
4.110000000000000000e+02,5.000000000000000000e+01,3.030000000000001137e+01,4.393999999999999773e+01,6.060000000000002274e+00
4.120000000000000000e+02,5.000000000000000000e+01,3.094000000000001194e+01,4.381199999999999761e+01,6.188000000000002387e+00
4.130000000000000000e+02,5.000000000000000000e+01,3.110499999999998266e+01,4.377900000000000347e+01,6.220999999999996533e+00
4.140000000000000000e+02,5.000000000000000000e+01,3.110499999999998266e+01,4.377900000000000347e+01,6.220999999999996533e+00
4.150000000000000000e+02,5.000000000000000000e+01,3.094000000000001194e+01,4.381199999999999761e+01,6.188000000000002387e+00
4.160000000000000000e+02,5.000000000000000000e+01,3.110499999999998266e+01,4.377900000000000347e+01,6.220999999999996533e+00
4.170000000000000000e+02,5.000000000000000000e+01,3.126500000000000057e+01,4.374699999999999989e+01,6.253000000000000114e+00
4.180000000000000000e+02,5.000000000000000000e+01,3.126500000000000057e+01,4.374699999999999989e+01,6.253000000000000114e+00
4.190000000000000000e+02,5.000000000000000000e+01,3.158500000000000085e+01,4.368299999999999983e+01,6.317000000000000171e+00
4.200000000000000000e+02,5.000000000000000000e+01,3.175000000000000711e+01,4.364999999999999858e+01,6.350000000000001421e+00
4.210000000000000000e+02,5.000000000000000000e+01,3.158500000000000085e+01,4.368299999999999983e+01,6.317000000000000171e+00
4.220000000000000000e+02,5.000000000000000000e+01,3.222999999999998977e+01,4.355400000000000205e+01,6.445999999999997954e+00
4.230000000000000000e+02,5.000000000000000000e+01,3.158500000000000085e+01,4.368299999999999983e+01,6.317000000000000171e+00
4.240000000000000000e+02,5.000000000000000000e+01,3.126500000000000057e+01,4.374699999999999989e+01,6.253000000000000114e+00
4.250000000000000000e+02,5.000000000000000000e+01,3.142499999999998295e+01,4.371500000000000341e+01,6.284999999999996589e+00
4.260000000000000000e+02,5.000000000000000000e+01,3.158500000000000085e+01,4.368299999999999983e+01,6.317000000000000171e+00
4.270000000000000000e+02,5.000000000000000000e+01,3.126500000000000057e+01,4.374699999999999989e+01,6.253000000000000114e+00
4.280000000000000000e+02,5.000000000000000000e+01,3.175000000000000711e+01,4.364999999999999858e+01,6.350000000000001421e+00
4.290000000000000000e+02,5.000000000000000000e+01,3.158500000000000085e+01,4.368299999999999983e+01,6.317000000000000171e+00
4.300000000000000000e+02,5.000000000000000000e+01,3.190999999999998948e+01,4.361800000000000210e+01,6.381999999999997897e+00
4.310000000000000000e+02,5.000000000000000000e+01,3.110499999999998266e+01,4.377900000000000347e+01,6.220999999999996533e+00
4.320000000000000000e+02,5.000000000000000000e+01,3.110499999999998266e+01,4.377900000000000347e+01,6.220999999999996533e+00
4.330000000000000000e+02,5.000000000000000000e+01,3.077999999999999403e+01,4.384400000000000119e+01,6.155999999999998806e+00
4.340000000000000000e+02,5.000000000000000000e+01,3.062000000000001165e+01,4.387599999999999767e+01,6.124000000000002331e+00
4.350000000000000000e+02,5.000000000000000000e+01,3.110499999999998266e+01,4.377900000000000347e+01,6.220999999999996533e+00
4.360000000000000000e+02,5.000000000000000000e+01,3.045999999999999375e+01,4.390800000000000125e+01,6.091999999999998749e+00
4.370000000000000000e+02,5.000000000000000000e+01,3.045999999999999375e+01,4.390800000000000125e+01,6.091999999999998749e+00
4.380000000000000000e+02,5.000000000000000000e+01,3.013500000000000512e+01,4.397299999999999898e+01,6.027000000000001023e+00
4.390000000000000000e+02,5.000000000000000000e+01,3.013500000000000512e+01,4.397299999999999898e+01,6.027000000000001023e+00
4.400000000000000000e+02,5.000000000000000000e+01,3.013500000000000512e+01,4.397299999999999898e+01,6.027000000000001023e+00
4.410000000000000000e+02,5.000000000000000000e+01,3.013500000000000512e+01,4.397299999999999898e+01,6.027000000000001023e+00
4.420000000000000000e+02,5.000000000000000000e+01,2.965499999999998693e+01,4.406900000000000261e+01,5.930999999999997385e+00
4.430000000000000000e+02,5.000000000000000000e+01,2.981500000000000483e+01,4.403699999999999903e+01,5.963000000000000966e+00
4.440000000000000000e+02,5.000000000000000000e+01,2.965499999999998693e+01,4.406900000000000261e+01,5.930999999999997385e+00
4.450000000000000000e+02,5.000000000000000000e+01,2.965499999999998693e+01,4.406900000000000261e+01,5.930999999999997385e+00
4.460000000000000000e+02,5.000000000000000000e+01,2.949000000000001620e+01,4.410199999999999676e+01,5.898000000000003240e+00
4.470000000000000000e+02,5.000000000000000000e+01,2.932999999999999829e+01,4.413400000000000034e+01,5.865999999999999659e+00
4.480000000000000000e+02,5.000000000000000000e+01,2.949000000000001620e+01,4.410199999999999676e+01,5.898000000000003240e+00
4.490000000000000000e+02,5.000000000000000000e+01,2.949000000000001620e+01,4.410199999999999676e+01,5.898000000000003240e+00
4.500000000000000000e+02,5.000000000000000000e+01,2.949000000000001620e+01,4.410199999999999676e+01,5.898000000000003240e+00
4.510000000000000000e+02,5.000000000000000000e+01,2.917000000000001592e+01,4.416599999999999682e+01,5.834000000000003183e+00
4.520000000000000000e+02,5.000000000000000000e+01,2.900999999999999801e+01,4.419800000000000040e+01,5.801999999999999602e+00
4.530000000000000000e+02,5.000000000000000000e+01,2.917000000000001592e+01,4.416599999999999682e+01,5.834000000000003183e+00
4.540000000000000000e+02,5.000000000000000000e+01,2.885000000000001563e+01,4.422999999999999687e+01,5.770000000000003126e+00
4.550000000000000000e+02,5.000000000000000000e+01,2.868500000000000938e+01,4.426299999999999812e+01,5.737000000000001876e+00
4.560000000000000000e+02,5.000000000000000000e+01,2.868500000000000938e+01,4.426299999999999812e+01,5.737000000000001876e+00
4.570000000000000000e+02,5.000000000000000000e+01,2.868500000000000938e+01,4.426299999999999812e+01,5.737000000000001876e+00
4.580000000000000000e+02,5.000000000000000000e+01,2.852499999999999147e+01,4.429500000000000171e+01,5.704999999999998295e+00
4.590000000000000000e+02,5.000000000000000000e+01,2.917000000000001592e+01,4.416599999999999682e+01,5.834000000000003183e+00
4.600000000000000000e+02,5.000000000000000000e+01,2.932999999999999829e+01,4.413400000000000034e+01,5.865999999999999659e+00
4.610000000000000000e+02,5.000000000000000000e+01,2.949000000000001620e+01,4.410199999999999676e+01,5.898000000000003240e+00
4.620000000000000000e+02,5.000000000000000000e+01,2.965499999999998693e+01,4.406900000000000261e+01,5.930999999999997385e+00
4.630000000000000000e+02,5.000000000000000000e+01,2.949000000000001620e+01,4.410199999999999676e+01,5.898000000000003240e+00
4.640000000000000000e+02,5.000000000000000000e+01,2.965499999999998693e+01,4.406900000000000261e+01,5.930999999999997385e+00
4.650000000000000000e+02,5.000000000000000000e+01,2.949000000000001620e+01,4.410199999999999676e+01,5.898000000000003240e+00
4.660000000000000000e+02,5.000000000000000000e+01,2.949000000000001620e+01,4.410199999999999676e+01,5.898000000000003240e+00
4.670000000000000000e+02,5.000000000000000000e+01,2.949000000000001620e+01,4.410199999999999676e+01,5.898000000000003240e+00
4.680000000000000000e+02,5.000000000000000000e+01,2.949000000000001620e+01,4.410199999999999676e+01,5.898000000000003240e+00
4.690000000000000000e+02,5.000000000000000000e+01,2.932999999999999829e+01,4.413400000000000034e+01,5.865999999999999659e+00
4.700000000000000000e+02,5.000000000000000000e+01,2.949000000000001620e+01,4.410199999999999676e+01,5.898000000000003240e+00
4.710000000000000000e+02,5.000000000000000000e+01,2.949000000000001620e+01,4.410199999999999676e+01,5.898000000000003240e+00
4.720000000000000000e+02,5.000000000000000000e+01,2.997499999999998721e+01,4.400500000000000256e+01,5.994999999999997442e+00
4.730000000000000000e+02,5.000000000000000000e+01,2.997499999999998721e+01,4.400500000000000256e+01,5.994999999999997442e+00
4.740000000000000000e+02,5.000000000000000000e+01,2.981500000000000483e+01,4.403699999999999903e+01,5.963000000000000966e+00
4.750000000000000000e+02,5.000000000000000000e+01,3.045999999999999375e+01,4.390800000000000125e+01,6.091999999999998749e+00
4.760000000000000000e+02,5.000000000000000000e+01,3.062000000000001165e+01,4.387599999999999767e+01,6.124000000000002331e+00
4.770000000000000000e+02,5.000000000000000000e+01,3.030000000000001137e+01,4.393999999999999773e+01,6.060000000000002274e+00
4.780000000000000000e+02,5.000000000000000000e+01,2.949000000000001620e+01,4.410199999999999676e+01,5.898000000000003240e+00
4.790000000000000000e+02,5.000000000000000000e+01,2.949000000000001620e+01,4.410199999999999676e+01,5.898000000000003240e+00
4.800000000000000000e+02,5.000000000000000000e+01,2.965499999999998693e+01,4.406900000000000261e+01,5.930999999999997385e+00
4.810000000000000000e+02,5.000000000000000000e+01,2.965499999999998693e+01,4.406900000000000261e+01,5.930999999999997385e+00
4.820000000000000000e+02,5.000000000000000000e+01,2.949000000000001620e+01,4.410199999999999676e+01,5.898000000000003240e+00
4.830000000000000000e+02,5.000000000000000000e+01,2.949000000000001620e+01,4.410199999999999676e+01,5.898000000000003240e+00
4.840000000000000000e+02,5.000000000000000000e+01,2.965499999999998693e+01,4.406900000000000261e+01,5.930999999999997385e+00
4.850000000000000000e+02,5.000000000000000000e+01,2.981500000000000483e+01,4.403699999999999903e+01,5.963000000000000966e+00
4.860000000000000000e+02,5.000000000000000000e+01,2.981500000000000483e+01,4.403699999999999903e+01,5.963000000000000966e+00
4.870000000000000000e+02,5.000000000000000000e+01,2.949000000000001620e+01,4.410199999999999676e+01,5.898000000000003240e+00
4.880000000000000000e+02,5.000000000000000000e+01,2.997499999999998721e+01,4.400500000000000256e+01,5.994999999999997442e+00
4.890000000000000000e+02,5.000000000000000000e+01,3.045999999999999375e+01,4.390800000000000125e+01,6.091999999999998749e+00
4.900000000000000000e+02,5.000000000000000000e+01,3.045999999999999375e+01,4.390800000000000125e+01,6.091999999999998749e+00
4.910000000000000000e+02,5.000000000000000000e+01,2.981500000000000483e+01,4.403699999999999903e+01,5.963000000000000966e+00
4.920000000000000000e+02,5.000000000000000000e+01,3.013500000000000512e+01,4.397299999999999898e+01,6.027000000000001023e+00
4.930000000000000000e+02,5.000000000000000000e+01,2.965499999999998693e+01,4.406900000000000261e+01,5.930999999999997385e+00
4.940000000000000000e+02,5.000000000000000000e+01,2.981500000000000483e+01,4.403699999999999903e+01,5.963000000000000966e+00
4.950000000000000000e+02,5.000000000000000000e+01,2.997499999999998721e+01,4.400500000000000256e+01,5.994999999999997442e+00
4.960000000000000000e+02,5.000000000000000000e+01,2.981500000000000483e+01,4.403699999999999903e+01,5.963000000000000966e+00
4.970000000000000000e+02,5.000000000000000000e+01,2.965499999999998693e+01,4.406900000000000261e+01,5.930999999999997385e+00
4.980000000000000000e+02,5.000000000000000000e+01,2.949000000000001620e+01,4.410199999999999676e+01,5.898000000000003240e+00
4.990000000000000000e+02,5.000000000000000000e+01,2.965499999999998693e+01,4.406900000000000261e+01,5.930999999999997385e+00
5.000000000000000000e+02,5.000000000000000000e+01,2.965499999999998693e+01,4.406900000000000261e+01,5.930999999999997385e+00
5.010000000000000000e+02,5.000000000000000000e+01,2.932999999999999829e+01,4.413400000000000034e+01,5.865999999999999659e+00
5.020000000000000000e+02,5.000000000000000000e+01,2.949000000000001620e+01,4.410199999999999676e+01,5.898000000000003240e+00
5.030000000000000000e+02,5.000000000000000000e+01,2.949000000000001620e+01,4.410199999999999676e+01,5.898000000000003240e+00
5.040000000000000000e+02,5.000000000000000000e+01,2.932999999999999829e+01,4.413400000000000034e+01,5.865999999999999659e+00
5.050000000000000000e+02,5.000000000000000000e+01,2.949000000000001620e+01,4.410199999999999676e+01,5.898000000000003240e+00
5.060000000000000000e+02,5.000000000000000000e+01,2.949000000000001620e+01,4.410199999999999676e+01,5.898000000000003240e+00
5.070000000000000000e+02,5.000000000000000000e+01,2.949000000000001620e+01,4.410199999999999676e+01,5.898000000000003240e+00
5.080000000000000000e+02,5.000000000000000000e+01,2.917000000000001592e+01,4.416599999999999682e+01,5.834000000000003183e+00
5.090000000000000000e+02,5.000000000000000000e+01,2.932999999999999829e+01,4.413400000000000034e+01,5.865999999999999659e+00
5.100000000000000000e+02,5.000000000000000000e+01,2.900999999999999801e+01,4.419800000000000040e+01,5.801999999999999602e+00
5.110000000000000000e+02,5.000000000000000000e+01,2.900999999999999801e+01,4.419800000000000040e+01,5.801999999999999602e+00
5.120000000000000000e+02,5.000000000000000000e+01,2.917000000000001592e+01,4.416599999999999682e+01,5.834000000000003183e+00
5.130000000000000000e+02,5.000000000000000000e+01,2.932999999999999829e+01,4.413400000000000034e+01,5.865999999999999659e+00
5.140000000000000000e+02,5.000000000000000000e+01,2.949000000000001620e+01,4.410199999999999676e+01,5.898000000000003240e+00
5.150000000000000000e+02,5.000000000000000000e+01,2.949000000000001620e+01,4.410199999999999676e+01,5.898000000000003240e+00
5.160000000000000000e+02,5.000000000000000000e+01,2.917000000000001592e+01,4.416599999999999682e+01,5.834000000000003183e+00
5.170000000000000000e+02,5.000000000000000000e+01,2.900999999999999801e+01,4.419800000000000040e+01,5.801999999999999602e+00
5.180000000000000000e+02,5.000000000000000000e+01,2.932999999999999829e+01,4.413400000000000034e+01,5.865999999999999659e+00
5.190000000000000000e+02,5.000000000000000000e+01,2.836500000000000909e+01,4.432699999999999818e+01,5.673000000000001819e+00
5.200000000000000000e+02,5.000000000000000000e+01,2.852499999999999147e+01,4.429500000000000171e+01,5.704999999999998295e+00
5.210000000000000000e+02,5.000000000000000000e+01,2.949000000000001620e+01,4.410199999999999676e+01,5.898000000000003240e+00
5.220000000000000000e+02,5.000000000000000000e+01,2.917000000000001592e+01,4.416599999999999682e+01,5.834000000000003183e+00
5.230000000000000000e+02,5.000000000000000000e+01,2.949000000000001620e+01,4.410199999999999676e+01,5.898000000000003240e+00
5.240000000000000000e+02,5.000000000000000000e+01,2.917000000000001592e+01,4.416599999999999682e+01,5.834000000000003183e+00
5.250000000000000000e+02,5.000000000000000000e+01,2.949000000000001620e+01,4.410199999999999676e+01,5.898000000000003240e+00
5.260000000000000000e+02,5.000000000000000000e+01,2.949000000000001620e+01,4.410199999999999676e+01,5.898000000000003240e+00
5.270000000000000000e+02,5.000000000000000000e+01,2.932999999999999829e+01,4.413400000000000034e+01,5.865999999999999659e+00
5.280000000000000000e+02,5.000000000000000000e+01,2.949000000000001620e+01,4.410199999999999676e+01,5.898000000000003240e+00
5.290000000000000000e+02,5.000000000000000000e+01,2.917000000000001592e+01,4.416599999999999682e+01,5.834000000000003183e+00
5.300000000000000000e+02,5.000000000000000000e+01,2.885000000000001563e+01,4.422999999999999687e+01,5.770000000000003126e+00
5.310000000000000000e+02,5.000000000000000000e+01,2.868500000000000938e+01,4.426299999999999812e+01,5.737000000000001876e+00
5.320000000000000000e+02,5.000000000000000000e+01,2.820499999999999119e+01,4.435900000000000176e+01,5.640999999999998238e+00
5.330000000000000000e+02,5.000000000000000000e+01,2.788000000000000256e+01,4.442399999999999949e+01,5.576000000000000512e+00
5.340000000000000000e+02,5.000000000000000000e+01,2.803999999999998494e+01,4.439200000000000301e+01,5.607999999999996987e+00
5.350000000000000000e+02,5.000000000000000000e+01,2.788000000000000256e+01,4.442399999999999949e+01,5.576000000000000512e+00
5.360000000000000000e+02,5.000000000000000000e+01,2.771999999999998465e+01,4.445600000000000307e+01,5.543999999999996930e+00
5.370000000000000000e+02,5.000000000000000000e+01,2.771999999999998465e+01,4.445600000000000307e+01,5.543999999999996930e+00
5.380000000000000000e+02,5.000000000000000000e+01,2.803999999999998494e+01,4.439200000000000301e+01,5.607999999999996987e+00
5.390000000000000000e+02,5.000000000000000000e+01,2.836500000000000909e+01,4.432699999999999818e+01,5.673000000000001819e+00
5.400000000000000000e+02,5.000000000000000000e+01,2.852499999999999147e+01,4.429500000000000171e+01,5.704999999999998295e+00
5.410000000000000000e+02,5.000000000000000000e+01,2.852499999999999147e+01,4.429500000000000171e+01,5.704999999999998295e+00
5.420000000000000000e+02,5.000000000000000000e+01,2.917000000000001592e+01,4.416599999999999682e+01,5.834000000000003183e+00
5.430000000000000000e+02,5.000000000000000000e+01,2.949000000000001620e+01,4.410199999999999676e+01,5.898000000000003240e+00
5.440000000000000000e+02,5.000000000000000000e+01,2.949000000000001620e+01,4.410199999999999676e+01,5.898000000000003240e+00
5.450000000000000000e+02,5.000000000000000000e+01,2.949000000000001620e+01,4.410199999999999676e+01,5.898000000000003240e+00
5.460000000000000000e+02,5.000000000000000000e+01,2.949000000000001620e+01,4.410199999999999676e+01,5.898000000000003240e+00
5.470000000000000000e+02,5.000000000000000000e+01,2.981500000000000483e+01,4.403699999999999903e+01,5.963000000000000966e+00
5.480000000000000000e+02,5.000000000000000000e+01,2.981500000000000483e+01,4.403699999999999903e+01,5.963000000000000966e+00
5.490000000000000000e+02,5.000000000000000000e+01,2.949000000000001620e+01,4.410199999999999676e+01,5.898000000000003240e+00
5.500000000000000000e+02,5.000000000000000000e+01,2.965499999999998693e+01,4.406900000000000261e+01,5.930999999999997385e+00
5.510000000000000000e+02,5.000000000000000000e+01,2.949000000000001620e+01,4.410199999999999676e+01,5.898000000000003240e+00
5.520000000000000000e+02,5.000000000000000000e+01,2.949000000000001620e+01,4.410199999999999676e+01,5.898000000000003240e+00
5.530000000000000000e+02,5.000000000000000000e+01,2.981500000000000483e+01,4.403699999999999903e+01,5.963000000000000966e+00
5.540000000000000000e+02,5.000000000000000000e+01,2.965499999999998693e+01,4.406900000000000261e+01,5.930999999999997385e+00
5.550000000000000000e+02,5.000000000000000000e+01,2.949000000000001620e+01,4.410199999999999676e+01,5.898000000000003240e+00
5.560000000000000000e+02,5.000000000000000000e+01,2.949000000000001620e+01,4.410199999999999676e+01,5.898000000000003240e+00
5.570000000000000000e+02,5.000000000000000000e+01,2.949000000000001620e+01,4.410199999999999676e+01,5.898000000000003240e+00
5.580000000000000000e+02,5.000000000000000000e+01,2.932999999999999829e+01,4.413400000000000034e+01,5.865999999999999659e+00
5.590000000000000000e+02,5.000000000000000000e+01,2.932999999999999829e+01,4.413400000000000034e+01,5.865999999999999659e+00
5.600000000000000000e+02,5.000000000000000000e+01,2.868500000000000938e+01,4.426299999999999812e+01,5.737000000000001876e+00
5.610000000000000000e+02,5.000000000000000000e+01,2.900999999999999801e+01,4.419800000000000040e+01,5.801999999999999602e+00
5.620000000000000000e+02,5.000000000000000000e+01,2.932999999999999829e+01,4.413400000000000034e+01,5.865999999999999659e+00
5.630000000000000000e+02,5.000000000000000000e+01,2.852499999999999147e+01,4.429500000000000171e+01,5.704999999999998295e+00
5.640000000000000000e+02,5.000000000000000000e+01,2.820499999999999119e+01,4.435900000000000176e+01,5.640999999999998238e+00
5.650000000000000000e+02,5.000000000000000000e+01,2.852499999999999147e+01,4.429500000000000171e+01,5.704999999999998295e+00
5.660000000000000000e+02,5.000000000000000000e+01,2.836500000000000909e+01,4.432699999999999818e+01,5.673000000000001819e+00
5.670000000000000000e+02,5.000000000000000000e+01,2.788000000000000256e+01,4.442399999999999949e+01,5.576000000000000512e+00
5.680000000000000000e+02,5.000000000000000000e+01,2.803999999999998494e+01,4.439200000000000301e+01,5.607999999999996987e+00
5.690000000000000000e+02,5.000000000000000000e+01,2.820499999999999119e+01,4.435900000000000176e+01,5.640999999999998238e+00
5.700000000000000000e+02,5.000000000000000000e+01,2.820499999999999119e+01,4.435900000000000176e+01,5.640999999999998238e+00
5.710000000000000000e+02,5.000000000000000000e+01,2.820499999999999119e+01,4.435900000000000176e+01,5.640999999999998238e+00
5.720000000000000000e+02,5.000000000000000000e+01,2.820499999999999119e+01,4.435900000000000176e+01,5.640999999999998238e+00
5.730000000000000000e+02,5.000000000000000000e+01,2.852499999999999147e+01,4.429500000000000171e+01,5.704999999999998295e+00
5.740000000000000000e+02,5.000000000000000000e+01,2.803999999999998494e+01,4.439200000000000301e+01,5.607999999999996987e+00
5.750000000000000000e+02,5.000000000000000000e+01,2.788000000000000256e+01,4.442399999999999949e+01,5.576000000000000512e+00
5.760000000000000000e+02,5.000000000000000000e+01,2.788000000000000256e+01,4.442399999999999949e+01,5.576000000000000512e+00
5.770000000000000000e+02,5.000000000000000000e+01,2.803999999999998494e+01,4.439200000000000301e+01,5.607999999999996987e+00
5.780000000000000000e+02,5.000000000000000000e+01,2.803999999999998494e+01,4.439200000000000301e+01,5.607999999999996987e+00
5.790000000000000000e+02,5.000000000000000000e+01,2.836500000000000909e+01,4.432699999999999818e+01,5.673000000000001819e+00
5.800000000000000000e+02,5.000000000000000000e+01,2.852499999999999147e+01,4.429500000000000171e+01,5.704999999999998295e+00
5.810000000000000000e+02,5.000000000000000000e+01,2.900999999999999801e+01,4.419800000000000040e+01,5.801999999999999602e+00
5.820000000000000000e+02,5.000000000000000000e+01,2.917000000000001592e+01,4.416599999999999682e+01,5.834000000000003183e+00
5.830000000000000000e+02,5.000000000000000000e+01,2.917000000000001592e+01,4.416599999999999682e+01,5.834000000000003183e+00
5.840000000000000000e+02,5.000000000000000000e+01,2.949000000000001620e+01,4.410199999999999676e+01,5.898000000000003240e+00
5.850000000000000000e+02,5.000000000000000000e+01,2.949000000000001620e+01,4.410199999999999676e+01,5.898000000000003240e+00
5.860000000000000000e+02,5.000000000000000000e+01,2.932999999999999829e+01,4.413400000000000034e+01,5.865999999999999659e+00
5.870000000000000000e+02,5.000000000000000000e+01,2.917000000000001592e+01,4.416599999999999682e+01,5.834000000000003183e+00
5.880000000000000000e+02,5.000000000000000000e+01,2.949000000000001620e+01,4.410199999999999676e+01,5.898000000000003240e+00
5.890000000000000000e+02,5.000000000000000000e+01,2.932999999999999829e+01,4.413400000000000034e+01,5.865999999999999659e+00
5.900000000000000000e+02,5.000000000000000000e+01,2.917000000000001592e+01,4.416599999999999682e+01,5.834000000000003183e+00
5.910000000000000000e+02,5.000000000000000000e+01,2.932999999999999829e+01,4.413400000000000034e+01,5.865999999999999659e+00
5.920000000000000000e+02,5.000000000000000000e+01,2.932999999999999829e+01,4.413400000000000034e+01,5.865999999999999659e+00
5.930000000000000000e+02,5.000000000000000000e+01,2.900999999999999801e+01,4.419800000000000040e+01,5.801999999999999602e+00
5.940000000000000000e+02,5.000000000000000000e+01,2.900999999999999801e+01,4.419800000000000040e+01,5.801999999999999602e+00
5.950000000000000000e+02,5.000000000000000000e+01,2.917000000000001592e+01,4.416599999999999682e+01,5.834000000000003183e+00
5.960000000000000000e+02,5.000000000000000000e+01,2.900999999999999801e+01,4.419800000000000040e+01,5.801999999999999602e+00
5.970000000000000000e+02,5.000000000000000000e+01,2.917000000000001592e+01,4.416599999999999682e+01,5.834000000000003183e+00
5.980000000000000000e+02,5.000000000000000000e+01,2.949000000000001620e+01,4.410199999999999676e+01,5.898000000000003240e+00
5.990000000000000000e+02,5.000000000000000000e+01,2.949000000000001620e+01,4.410199999999999676e+01,5.898000000000003240e+00
6.000000000000000000e+02,5.000000000000000000e+01,2.949000000000001620e+01,4.410199999999999676e+01,5.898000000000003240e+00
