t,Tref,u,T1,e
0.000000000000000000e+00,5.000000000000000000e+01,1.000000000000000000e+02,3.066300000000000026e+01,1.933699999999999974e+01
1.000000000000000000e+00,5.000000000000000000e+01,1.000000000000000000e+02,3.085600000000000165e+01,1.914399999999999835e+01
2.000000000000000000e+00,5.000000000000000000e+01,1.000000000000000000e+02,3.088899999999999935e+01,1.911100000000000065e+01
3.000000000000000000e+00,5.000000000000000000e+01,1.000000000000000000e+02,3.092099999999999937e+01,1.907900000000000063e+01
4.000000000000000000e+00,5.000000000000000000e+01,1.000000000000000000e+02,3.105000000000000071e+01,1.894999999999999929e+01
5.000000000000000000e+00,5.000000000000000000e+01,1.000000000000000000e+02,3.108200000000000074e+01,1.891799999999999926e+01
6.000000000000000000e+00,5.000000000000000000e+01,1.000000000000000000e+02,3.117899999999999849e+01,1.882100000000000151e+01
7.000000000000000000e+00,5.000000000000000000e+01,1.000000000000000000e+02,3.121099999999999852e+01,1.878900000000000148e+01
8.000000000000000000e+00,5.000000000000000000e+01,1.000000000000000000e+02,3.127499999999999858e+01,1.872500000000000142e+01
9.000000000000000000e+00,5.000000000000000000e+01,1.000000000000000000e+02,3.150100000000000122e+01,1.849899999999999878e+01
1.000000000000000000e+01,5.000000000000000000e+01,1.000000000000000000e+02,3.153300000000000125e+01,1.846699999999999875e+01
1.100000000000000000e+01,5.000000000000000000e+01,1.000000000000000000e+02,3.156500000000000128e+01,1.843499999999999872e+01
1.200000000000000000e+01,5.000000000000000000e+01,1.000000000000000000e+02,3.179100000000000037e+01,1.820899999999999963e+01
1.300000000000000000e+01,5.000000000000000000e+01,1.000000000000000000e+02,3.185500000000000043e+01,1.814499999999999957e+01
1.400000000000000000e+01,5.000000000000000000e+01,1.000000000000000000e+02,3.198400000000000176e+01,1.801599999999999824e+01
1.500000000000000000e+01,5.000000000000000000e+01,1.000000000000000000e+02,3.211299999999999955e+01,1.788700000000000045e+01
1.600000000000000000e+01,5.000000000000000000e+01,1.000000000000000000e+02,3.243599999999999994e+01,1.756400000000000006e+01
1.700000000000000000e+01,5.000000000000000000e+01,1.000000000000000000e+02,3.250000000000000000e+01,1.750000000000000000e+01
1.800000000000000000e+01,5.000000000000000000e+01,1.000000000000000000e+02,3.262899999999999778e+01,1.737100000000000222e+01
1.900000000000000000e+01,5.000000000000000000e+01,1.000000000000000000e+02,3.278999999999999915e+01,1.721000000000000085e+01
2.000000000000000000e+01,5.000000000000000000e+01,1.000000000000000000e+02,3.301599999999999824e+01,1.698400000000000176e+01
2.100000000000000000e+01,5.000000000000000000e+01,1.000000000000000000e+02,3.311200000000000188e+01,1.688799999999999812e+01
2.200000000000000000e+01,5.000000000000000000e+01,1.000000000000000000e+02,3.340200000000000102e+01,1.659799999999999898e+01
2.300000000000000000e+01,5.000000000000000000e+01,1.000000000000000000e+02,3.349900000000000233e+01,1.650099999999999767e+01
2.400000000000000000e+01,5.000000000000000000e+01,1.000000000000000000e+02,3.378900000000000148e+01,1.621099999999999852e+01
2.500000000000000000e+01,5.000000000000000000e+01,1.000000000000000000e+02,3.391799999999999926e+01,1.608200000000000074e+01
2.600000000000000000e+01,5.000000000000000000e+01,1.000000000000000000e+02,3.411099999999999710e+01,1.588900000000000290e+01
2.700000000000000000e+01,5.000000000000000000e+01,1.000000000000000000e+02,3.436899999999999977e+01,1.563100000000000023e+01
2.800000000000000000e+01,5.000000000000000000e+01,1.000000000000000000e+02,3.443399999999999750e+01,1.556600000000000250e+01
2.900000000000000000e+01,5.000000000000000000e+01,1.000000000000000000e+02,3.475600000000000023e+01,1.524399999999999977e+01
3.000000000000000000e+01,5.000000000000000000e+01,1.000000000000000000e+02,3.485300000000000153e+01,1.514699999999999847e+01
3.100000000000000000e+01,5.000000000000000000e+01,1.000000000000000000e+02,3.507800000000000296e+01,1.492199999999999704e+01
3.200000000000000000e+01,5.000000000000000000e+01,1.000000000000000000e+02,3.536800000000000210e+01,1.463199999999999790e+01
3.300000000000000000e+01,5.000000000000000000e+01,1.000000000000000000e+02,3.552900000000000347e+01,1.447099999999999653e+01
3.400000000000000000e+01,5.000000000000000000e+01,1.000000000000000000e+02,3.572299999999999898e+01,1.427700000000000102e+01
3.500000000000000000e+01,5.000000000000000000e+01,1.000000000000000000e+02,3.597999999999999687e+01,1.402000000000000313e+01
3.600000000000000000e+01,5.000000000000000000e+01,1.000000000000000000e+02,3.620600000000000307e+01,1.379399999999999693e+01
3.700000000000000000e+01,5.000000000000000000e+01,1.000000000000000000e+02,3.636699999999999733e+01,1.363300000000000267e+01
3.800000000000000000e+01,5.000000000000000000e+01,1.000000000000000000e+02,3.668900000000000006e+01,1.331099999999999994e+01
3.900000000000000000e+01,5.000000000000000000e+01,1.000000000000000000e+02,3.694700000000000273e+01,1.305299999999999727e+01
4.000000000000000000e+01,5.000000000000000000e+01,1.000000000000000000e+02,3.710799999999999699e+01,1.289200000000000301e+01
4.100000000000000000e+01,5.000000000000000000e+01,1.000000000000000000e+02,3.733400000000000318e+01,1.266599999999999682e+01
4.200000000000000000e+01,5.000000000000000000e+01,1.000000000000000000e+02,3.762400000000000233e+01,1.237599999999999767e+01
4.300000000000000000e+01,5.000000000000000000e+01,1.000000000000000000e+02,3.788199999999999790e+01,1.211800000000000210e+01
4.400000000000000000e+01,5.000000000000000000e+01,1.000000000000000000e+02,3.804299999999999926e+01,1.195700000000000074e+01
4.500000000000000000e+01,5.000000000000000000e+01,1.000000000000000000e+02,3.833299999999999841e+01,1.166700000000000159e+01
4.600000000000000000e+01,5.000000000000000000e+01,1.000000000000000000e+02,3.862299999999999756e+01,1.137700000000000244e+01
4.700000000000000000e+01,5.000000000000000000e+01,1.000000000000000000e+02,3.891299999999999670e+01,1.108700000000000330e+01
4.800000000000000000e+01,5.000000000000000000e+01,1.000000000000000000e+02,3.920300000000000296e+01,1.079699999999999704e+01
4.900000000000000000e+01,5.000000000000000000e+01,1.000000000000000000e+02,3.939600000000000080e+01,1.060399999999999920e+01
5.000000000000000000e+01,5.000000000000000000e+01,1.000000000000000000e+02,3.959000000000000341e+01,1.040999999999999659e+01
5.100000000000000000e+01,5.000000000000000000e+01,1.000000000000000000e+02,3.988000000000000256e+01,1.011999999999999744e+01
5.200000000000000000e+01,5.000000000000000000e+01,1.000000000000000000e+02,4.000900000000000034e+01,9.990999999999999659e+00
5.300000000000000000e+01,5.000000000000000000e+01,1.000000000000000000e+02,4.026700000000000301e+01,9.732999999999996987e+00
5.400000000000000000e+01,5.000000000000000000e+01,1.000000000000000000e+02,4.052400000000000091e+01,9.475999999999999091e+00
5.500000000000000000e+01,5.000000000000000000e+01,1.000000000000000000e+02,4.071800000000000352e+01,9.281999999999996476e+00
5.600000000000000000e+01,5.000000000000000000e+01,1.000000000000000000e+02,4.103999999999999915e+01,8.960000000000000853e+00
5.700000000000000000e+01,5.000000000000000000e+01,1.000000000000000000e+02,4.120100000000000051e+01,8.798999999999999488e+00
5.800000000000000000e+01,5.000000000000000000e+01,1.000000000000000000e+02,4.136200000000000188e+01,8.637999999999998124e+00
5.900000000000000000e+01,5.000000000000000000e+01,1.000000000000000000e+02,4.171699999999999875e+01,8.283000000000001251e+00
6.000000000000000000e+01,5.000000000000000000e+01,1.000000000000000000e+02,4.190999999999999659e+01,8.090000000000003411e+00
6.100000000000000000e+01,5.000000000000000000e+01,1.000000000000000000e+02,4.216799999999999926e+01,7.832000000000000739e+00
6.200000000000000000e+01,5.000000000000000000e+01,1.000000000000000000e+02,4.249000000000000199e+01,7.509999999999998010e+00
6.300000000000000000e+01,5.000000000000000000e+01,1.000000000000000000e+02,4.249000000000000199e+01,7.509999999999998010e+00
6.400000000000000000e+01,5.000000000000000000e+01,1.000000000000000000e+02,4.281300000000000239e+01,7.186999999999997613e+00
6.500000000000000000e+01,5.000000000000000000e+01,1.000000000000000000e+02,4.310300000000000153e+01,6.896999999999998465e+00
6.600000000000000000e+01,5.000000000000000000e+01,1.000000000000000000e+02,4.342499999999999716e+01,6.575000000000002842e+00
6.700000000000000000e+01,5.000000000000000000e+01,1.000000000000000000e+02,4.361800000000000210e+01,6.381999999999997897e+00
6.800000000000000000e+01,5.000000000000000000e+01,1.000000000000000000e+02,4.381199999999999761e+01,6.188000000000002387e+00
6.900000000000000000e+01,5.000000000000000000e+01,1.000000000000000000e+02,4.406900000000000261e+01,5.930999999999997385e+00
7.000000000000000000e+01,5.000000000000000000e+01,1.000000000000000000e+02,4.429500000000000171e+01,5.704999999999998295e+00
7.100000000000000000e+01,5.000000000000000000e+01,1.000000000000000000e+02,4.468200000000000216e+01,5.317999999999997840e+00
7.200000000000000000e+01,5.000000000000000000e+01,1.000000000000000000e+02,4.490699999999999648e+01,5.093000000000003524e+00
7.300000000000000000e+01,5.000000000000000000e+01,1.000000000000000000e+02,4.526200000000000045e+01,4.737999999999999545e+00
7.400000000000000000e+01,5.000000000000000000e+01,1.000000000000000000e+02,4.526200000000000045e+01,4.737999999999999545e+00
7.500000000000000000e+01,5.000000000000000000e+01,1.000000000000000000e+02,4.568099999999999739e+01,4.319000000000002615e+00
7.600000000000000000e+01,5.000000000000000000e+01,1.000000000000000000e+02,4.593800000000000239e+01,4.061999999999997613e+00
7.700000000000000000e+01,5.000000000000000000e+01,1.000000000000000000e+02,4.603499999999999659e+01,3.965000000000003411e+00
7.800000000000000000e+01,5.000000000000000000e+01,1.000000000000000000e+02,4.635699999999999932e+01,3.643000000000000682e+00
7.900000000000000000e+01,5.000000000000000000e+01,1.000000000000000000e+02,4.648599999999999710e+01,3.514000000000002899e+00
8.000000000000000000e+01,5.000000000000000000e+01,1.000000000000000000e+02,4.690500000000000114e+01,3.094999999999998863e+00
8.100000000000000000e+01,5.000000000000000000e+01,1.000000000000000000e+02,4.703399999999999892e+01,2.966000000000001080e+00
8.200000000000000000e+01,5.000000000000000000e+01,1.000000000000000000e+02,4.732399999999999807e+01,2.676000000000001933e+00
8.300000000000000000e+01,5.000000000000000000e+01,1.000000000000000000e+02,4.764600000000000080e+01,2.353999999999999204e+00
8.400000000000000000e+01,5.000000000000000000e+01,1.000000000000000000e+02,4.774300000000000210e+01,2.256999999999997897e+00
8.500000000000000000e+01,5.000000000000000000e+01,1.000000000000000000e+02,4.796900000000000119e+01,2.030999999999998806e+00
8.600000000000000000e+01,5.000000000000000000e+01,1.000000000000000000e+02,4.822699999999999676e+01,1.773000000000003240e+00
8.700000000000000000e+01,5.000000000000000000e+01,1.000000000000000000e+02,4.845199999999999818e+01,1.548000000000001819e+00
8.800000000000000000e+01,5.000000000000000000e+01,1.000000000000000000e+02,4.871000000000000085e+01,1.289999999999999147e+00
8.900000000000000000e+01,5.000000000000000000e+01,1.000000000000000000e+02,4.900000000000000000e+01,1.000000000000000000e+00
9.000000000000000000e+01,5.000000000000000000e+01,1.000000000000000000e+02,4.925800000000000267e+01,7.419999999999973284e-01
9.100000000000000000e+01,5.000000000000000000e+01,1.000000000000000000e+02,4.951599999999999824e+01,4.840000000000017621e-01
9.200000000000000000e+01,5.000000000000000000e+01,1.000000000000000000e+02,4.967699999999999960e+01,3.230000000000003979e-01
9.300000000000000000e+01,5.000000000000000000e+01,1.000000000000000000e+02,4.993500000000000227e+01,6.499999999999772626e-02
9.400000000000000000e+01,5.000000000000000000e+01,1.000000000000000000e+02,5.022500000000000142e+01,-2.250000000000014211e-01
9.500000000000000000e+01,5.000000000000000000e+01,1.000000000000000000e+02,5.054699999999999704e+01,-5.469999999999970441e-01
9.600000000000000000e+01,5.000000000000000000e+01,1.000000000000000000e+02,5.064399999999999835e+01,-6.439999999999983515e-01
9.700000000000000000e+01,5.000000000000000000e+01,1.000000000000000000e+02,5.090100000000000335e+01,-9.010000000000033538e-01
9.800000000000000000e+01,5.000000000000000000e+01,1.000000000000000000e+02,5.115899999999999892e+01,-1.158999999999998920e+00
9.900000000000000000e+01,5.000000000000000000e+01,1.000000000000000000e+02,5.122399999999999665e+01,-1.223999999999996646e+00
1.000000000000000000e+02,5.000000000000000000e+01,1.000000000000000000e+02,5.154599999999999937e+01,-1.545999999999999375e+00
1.010000000000000000e+02,5.000000000000000000e+01,1.000000000000000000e+02,5.170700000000000074e+01,-1.707000000000000739e+00
1.020000000000000000e+02,5.000000000000000000e+01,1.000000000000000000e+02,5.186800000000000210e+01,-1.868000000000002103e+00
1.030000000000000000e+02,5.000000000000000000e+01,1.000000000000000000e+02,5.212599999999999767e+01,-2.125999999999997669e+00
1.040000000000000000e+02,5.000000000000000000e+01,1.000000000000000000e+02,5.235199999999999676e+01,-2.351999999999996760e+00
1.050000000000000000e+02,5.000000000000000000e+01,1.000000000000000000e+02,5.254500000000000171e+01,-2.545000000000001705e+00
1.060000000000000000e+02,5.000000000000000000e+01,1.000000000000000000e+02,5.280299999999999727e+01,-2.802999999999997272e+00
1.070000000000000000e+02,5.000000000000000000e+01,1.000000000000000000e+02,5.309300000000000352e+01,-3.093000000000003524e+00
1.080000000000000000e+02,5.000000000000000000e+01,1.000000000000000000e+02,5.312500000000000000e+01,-3.125000000000000000e+00
1.090000000000000000e+02,5.000000000000000000e+01,1.000000000000000000e+02,5.344700000000000273e+01,-3.447000000000002728e+00
1.100000000000000000e+02,5.000000000000000000e+01,1.000000000000000000e+02,5.367300000000000182e+01,-3.673000000000001819e+00
1.110000000000000000e+02,5.000000000000000000e+01,1.000000000000000000e+02,5.377000000000000313e+01,-3.770000000000003126e+00
1.120000000000000000e+02,5.000000000000000000e+01,1.000000000000000000e+02,5.402700000000000102e+01,-4.027000000000001023e+00
1.130000000000000000e+02,5.000000000000000000e+01,1.000000000000000000e+02,5.425300000000000011e+01,-4.253000000000000114e+00
1.140000000000000000e+02,5.000000000000000000e+01,1.000000000000000000e+02,5.444599999999999795e+01,-4.445999999999997954e+00
1.150000000000000000e+02,5.000000000000000000e+01,1.000000000000000000e+02,5.464000000000000057e+01,-4.640000000000000568e+00
1.160000000000000000e+02,5.000000000000000000e+01,9.426940000000001874e+01,5.489699999999999847e+01,-4.896999999999998465e+00
1.170000000000000000e+02,5.000000000000000000e+01,9.262340000000000373e+01,5.492999999999999972e+01,-4.929999999999999716e+00
1.180000000000000000e+02,5.000000000000000000e+01,8.317360000000007858e+01,5.534899999999999665e+01,-5.348999999999996646e+00
1.190000000000000000e+02,5.000000000000000000e+01,8.081100000000009231e+01,5.541299999999999670e+01,-5.412999999999996703e+00
1.200000000000000000e+02,5.000000000000000000e+01,7.776900000000006230e+01,5.550999999999999801e+01,-5.509999999999998010e+00
1.210000000000000000e+02,5.000000000000000000e+01,7.212200000000004252e+01,5.573499999999999943e+01,-5.734999999999999432e+00
1.220000000000000000e+02,5.000000000000000000e+01,6.576339999999999009e+01,5.599300000000000210e+01,-5.993000000000002103e+00
1.230000000000000000e+02,5.000000000000000000e+01,6.131259999999997490e+01,5.615400000000000347e+01,-6.154000000000003467e+00
1.240000000000000000e+02,5.000000000000000000e+01,5.616300000000006776e+01,5.634799999999999898e+01,-6.347999999999998977e+00
1.250000000000000000e+02,5.000000000000000000e+01,4.903540000000009513e+01,5.663799999999999812e+01,-6.637999999999998124e+00
1.260000000000000000e+02,5.000000000000000000e+01,4.380920000000000414e+01,5.683100000000000307e+01,-6.831000000000003070e+00
1.270000000000000000e+02,5.000000000000000000e+01,3.919080000000010955e+01,5.699199999999999733e+01,-6.991999999999997328e+00
1.280000000000000000e+02,5.000000000000000000e+01,3.518659999999999854e+01,5.712100000000000222e+01,-7.121000000000002217e+00
1.290000000000000000e+02,5.000000000000000000e+01,2.986380000000005452e+01,5.731400000000000006e+01,-7.314000000000000057e+00
1.300000000000000000e+02,5.000000000000000000e+01,2.254300000000006321e+01,5.760399999999999920e+01,-7.603999999999999204e+00
1.310000000000000000e+02,5.000000000000000000e+01,2.035560000000003811e+01,5.763700000000000045e+01,-7.637000000000000455e+00
1.320000000000000000e+02,5.000000000000000000e+01,1.622240000000007853e+01,5.776599999999999824e+01,-7.765999999999998238e+00
1.330000000000000000e+02,5.000000000000000000e+01,1.402280000000001792e+01,5.779800000000000182e+01,-7.798000000000001819e+00
1.340000000000000000e+02,5.000000000000000000e+01,9.210999999999984311e+00,5.795900000000000318e+01,-7.959000000000003183e+00
1.350000000000000000e+02,5.000000000000000000e+01,3.054000000000002046e+00,5.818500000000000227e+01,-8.185000000000002274e+00
1.360000000000000000e+02,5.000000000000000000e+01,0.000000000000000000e+00,5.828099999999999881e+01,-8.280999999999998806e+00
1.370000000000000000e+02,5.000000000000000000e+01,0.000000000000000000e+00,5.828099999999999881e+01,-8.280999999999998806e+00
1.380000000000000000e+02,5.000000000000000000e+01,0.000000000000000000e+00,5.847500000000000142e+01,-8.475000000000001421e+00
1.390000000000000000e+02,5.000000000000000000e+01,0.000000000000000000e+00,5.857099999999999795e+01,-8.570999999999997954e+00
1.400000000000000000e+02,5.000000000000000000e+01,0.000000000000000000e+00,5.866799999999999926e+01,-8.667999999999999261e+00
1.410000000000000000e+02,5.000000000000000000e+01,0.000000000000000000e+00,5.892600000000000193e+01,-8.926000000000001933e+00
1.420000000000000000e+02,5.000000000000000000e+01,0.000000000000000000e+00,5.886099999999999710e+01,-8.860999999999997101e+00
1.430000000000000000e+02,5.000000000000000000e+01,0.000000000000000000e+00,5.892600000000000193e+01,-8.926000000000001933e+00
1.440000000000000000e+02,5.000000000000000000e+01,0.000000000000000000e+00,5.902199999999999847e+01,-9.021999999999998465e+00
1.450000000000000000e+02,5.000000000000000000e+01,0.000000000000000000e+00,5.915100000000000335e+01,-9.151000000000003354e+00
1.460000000000000000e+02,5.000000000000000000e+01,0.000000000000000000e+00,5.918399999999999750e+01,-9.183999999999997499e+00
1.470000000000000000e+02,5.000000000000000000e+01,0.000000000000000000e+00,5.918399999999999750e+01,-9.183999999999997499e+00
1.480000000000000000e+02,5.000000000000000000e+01,0.000000000000000000e+00,5.921600000000000108e+01,-9.216000000000001080e+00
1.490000000000000000e+02,5.000000000000000000e+01,0.000000000000000000e+00,5.924799999999999756e+01,-9.247999999999997556e+00
1.500000000000000000e+02,5.000000000000000000e+01,0.000000000000000000e+00,5.934499999999999886e+01,-9.344999999999998863e+00
1.510000000000000000e+02,5.000000000000000000e+01,0.000000000000000000e+00,5.924799999999999756e+01,-9.247999999999997556e+00
1.520000000000000000e+02,5.000000000000000000e+01,0.000000000000000000e+00,5.924799999999999756e+01,-9.247999999999997556e+00
1.530000000000000000e+02,5.000000000000000000e+01,0.000000000000000000e+00,5.924799999999999756e+01,-9.247999999999997556e+00
1.540000000000000000e+02,5.000000000000000000e+01,0.000000000000000000e+00,5.924799999999999756e+01,-9.247999999999997556e+00
1.550000000000000000e+02,5.000000000000000000e+01,0.000000000000000000e+00,5.924799999999999756e+01,-9.247999999999997556e+00
1.560000000000000000e+02,5.000000000000000000e+01,0.000000000000000000e+00,5.924799999999999756e+01,-9.247999999999997556e+00
1.570000000000000000e+02,5.000000000000000000e+01,0.000000000000000000e+00,5.924799999999999756e+01,-9.247999999999997556e+00
1.580000000000000000e+02,5.000000000000000000e+01,0.000000000000000000e+00,5.908700000000000330e+01,-9.087000000000003297e+00
1.590000000000000000e+02,5.000000000000000000e+01,0.000000000000000000e+00,5.879699999999999704e+01,-8.796999999999997044e+00
1.600000000000000000e+02,5.000000000000000000e+01,0.000000000000000000e+00,5.889399999999999835e+01,-8.893999999999998352e+00
1.610000000000000000e+02,5.000000000000000000e+01,0.000000000000000000e+00,5.860399999999999920e+01,-8.603999999999999204e+00
1.620000000000000000e+02,5.000000000000000000e+01,0.000000000000000000e+00,5.860399999999999920e+01,-8.603999999999999204e+00
1.630000000000000000e+02,5.000000000000000000e+01,0.000000000000000000e+00,5.844200000000000017e+01,-8.442000000000000171e+00
1.640000000000000000e+02,5.000000000000000000e+01,0.000000000000000000e+00,5.837800000000000011e+01,-8.378000000000000114e+00
1.650000000000000000e+02,5.000000000000000000e+01,0.000000000000000000e+00,5.834599999999999653e+01,-8.345999999999996533e+00
1.660000000000000000e+02,5.000000000000000000e+01,0.000000000000000000e+00,5.831300000000000239e+01,-8.313000000000002387e+00
1.670000000000000000e+02,5.000000000000000000e+01,0.000000000000000000e+00,5.828099999999999881e+01,-8.280999999999998806e+00
1.680000000000000000e+02,5.000000000000000000e+01,0.000000000000000000e+00,5.815200000000000102e+01,-8.152000000000001023e+00
1.690000000000000000e+02,5.000000000000000000e+01,0.000000000000000000e+00,5.818500000000000227e+01,-8.185000000000002274e+00
1.700000000000000000e+02,5.000000000000000000e+01,0.000000000000000000e+00,5.795900000000000318e+01,-7.959000000000003183e+00
1.710000000000000000e+02,5.000000000000000000e+01,0.000000000000000000e+00,5.792699999999999960e+01,-7.926999999999999602e+00
1.720000000000000000e+02,5.000000000000000000e+01,0.000000000000000000e+00,5.779800000000000182e+01,-7.798000000000001819e+00
1.730000000000000000e+02,5.000000000000000000e+01,0.000000000000000000e+00,5.763700000000000045e+01,-7.637000000000000455e+00
1.740000000000000000e+02,5.000000000000000000e+01,0.000000000000000000e+00,5.763700000000000045e+01,-7.637000000000000455e+00
1.750000000000000000e+02,5.000000000000000000e+01,0.000000000000000000e+00,5.757200000000000273e+01,-7.572000000000002728e+00
1.760000000000000000e+02,5.000000000000000000e+01,0.000000000000000000e+00,5.731400000000000006e+01,-7.314000000000000057e+00
1.770000000000000000e+02,5.000000000000000000e+01,0.000000000000000000e+00,5.731400000000000006e+01,-7.314000000000000057e+00
1.780000000000000000e+02,5.000000000000000000e+01,0.000000000000000000e+00,5.702400000000000091e+01,-7.024000000000000909e+00
1.790000000000000000e+02,5.000000000000000000e+01,0.000000000000000000e+00,5.699199999999999733e+01,-6.991999999999997328e+00
1.800000000000000000e+02,5.000000000000000000e+01,0.000000000000000000e+00,5.696000000000000085e+01,-6.960000000000000853e+00
1.810000000000000000e+02,5.000000000000000000e+01,0.000000000000000000e+00,5.692799999999999727e+01,-6.927999999999997272e+00
1.820000000000000000e+02,5.000000000000000000e+01,0.000000000000000000e+00,5.667000000000000171e+01,-6.670000000000001705e+00
1.830000000000000000e+02,5.000000000000000000e+01,0.000000000000000000e+00,5.650900000000000034e+01,-6.509000000000000341e+00
1.840000000000000000e+02,5.000000000000000000e+01,0.000000000000000000e+00,5.641199999999999903e+01,-6.411999999999999034e+00
1.850000000000000000e+02,5.000000000000000000e+01,0.000000000000000000e+00,5.634799999999999898e+01,-6.347999999999998977e+00
1.860000000000000000e+02,5.000000000000000000e+01,0.000000000000000000e+00,5.612199999999999989e+01,-6.121999999999999886e+00
1.870000000000000000e+02,5.000000000000000000e+01,0.000000000000000000e+00,5.596099999999999852e+01,-5.960999999999998522e+00
1.880000000000000000e+02,5.000000000000000000e+01,0.000000000000000000e+00,5.589600000000000080e+01,-5.896000000000000796e+00
1.890000000000000000e+02,5.000000000000000000e+01,0.000000000000000000e+00,5.570300000000000296e+01,-5.703000000000002956e+00
1.900000000000000000e+02,5.000000000000000000e+01,0.000000000000000000e+00,5.567099999999999937e+01,-5.670999999999999375e+00
1.910000000000000000e+02,5.000000000000000000e+01,0.000000000000000000e+00,5.538100000000000023e+01,-5.381000000000000227e+00
1.920000000000000000e+02,5.000000000000000000e+01,0.000000000000000000e+00,5.534899999999999665e+01,-5.348999999999996646e+00
1.930000000000000000e+02,5.000000000000000000e+01,0.000000000000000000e+00,5.505899999999999750e+01,-5.058999999999997499e+00
1.940000000000000000e+02,5.000000000000000000e+01,0.000000000000000000e+00,5.492999999999999972e+01,-4.929999999999999716e+00
1.950000000000000000e+02,5.000000000000000000e+01,0.000000000000000000e+00,5.473599999999999710e+01,-4.735999999999997101e+00
1.960000000000000000e+02,5.000000000000000000e+01,0.000000000000000000e+00,5.470400000000000063e+01,-4.704000000000000625e+00
1.970000000000000000e+02,5.000000000000000000e+01,0.000000000000000000e+00,5.441400000000000148e+01,-4.414000000000001478e+00
1.980000000000000000e+02,5.000000000000000000e+01,0.000000000000000000e+00,5.441400000000000148e+01,-4.414000000000001478e+00
1.990000000000000000e+02,5.000000000000000000e+01,0.000000000000000000e+00,5.412400000000000233e+01,-4.124000000000002331e+00
2.000000000000000000e+02,5.000000000000000000e+01,0.000000000000000000e+00,5.386599999999999966e+01,-3.865999999999999659e+00
2.010000000000000000e+02,5.000000000000000000e+01,0.000000000000000000e+00,5.402700000000000102e+01,-4.027000000000001023e+00
2.020000000000000000e+02,5.000000000000000000e+01,0.000000000000000000e+00,5.377000000000000313e+01,-3.770000000000003126e+00
2.030000000000000000e+02,5.000000000000000000e+01,0.000000000000000000e+00,5.370499999999999829e+01,-3.704999999999998295e+00
2.040000000000000000e+02,5.000000000000000000e+01,0.000000000000000000e+00,5.344700000000000273e+01,-3.447000000000002728e+00
2.050000000000000000e+02,5.000000000000000000e+01,0.000000000000000000e+00,5.328600000000000136e+01,-3.286000000000001364e+00
2.060000000000000000e+02,5.000000000000000000e+01,1.037800000000046907e+00,5.315699999999999648e+01,-3.156999999999996476e+00
2.070000000000000000e+02,5.000000000000000000e+01,1.052799999999976421e+00,5.312500000000000000e+01,-3.125000000000000000e+00
2.080000000000000000e+02,5.000000000000000000e+01,6.285799999999959198e+00,5.283500000000000085e+01,-2.835000000000000853e+00
2.090000000000000000e+02,5.000000000000000000e+01,8.970999999999989427e+00,5.267399999999999949e+01,-2.673999999999999488e+00
2.100000000000000000e+02,5.000000000000000000e+01,1.300139999999996832e+01,5.244800000000000040e+01,-2.448000000000000398e+00
2.110000000000000000e+02,5.000000000000000000e+01,1.186540000000003658e+01,5.247999999999999687e+01,-2.479999999999996874e+00
2.120000000000000000e+02,5.000000000000000000e+01,1.462159999999992266e+01,5.231900000000000261e+01,-2.319000000000002615e+00
2.130000000000000000e+02,5.000000000000000000e+01,1.676360000000001804e+01,5.218999999999999773e+01,-2.189999999999997726e+00
2.140000000000000000e+02,5.000000000000000000e+01,1.761840000000002249e+01,5.212599999999999767e+01,-2.125999999999997669e+00
2.150000000000000000e+02,5.000000000000000000e+01,2.240479999999993055e+01,5.186800000000000210e+01,-1.868000000000002103e+00
2.160000000000000000e+02,5.000000000000000000e+01,2.332399999999993412e+01,5.180400000000000205e+01,-1.804000000000002046e+00
2.170000000000000000e+02,5.000000000000000000e+01,2.621539999999995985e+01,5.164300000000000068e+01,-1.643000000000000682e+00
2.180000000000000000e+02,5.000000000000000000e+01,2.588679999999995829e+01,5.164300000000000068e+01,-1.643000000000000682e+00
2.190000000000000000e+02,5.000000000000000000e+01,2.883059999999994005e+01,5.148100000000000165e+01,-1.481000000000001648e+00
2.200000000000000000e+02,5.000000000000000000e+01,3.307939999999997127e+01,5.125600000000000023e+01,-1.256000000000000227e+00
2.210000000000000000e+02,5.000000000000000000e+01,3.414119999999992672e+01,5.119100000000000250e+01,-1.191000000000002501e+00
2.220000000000000000e+02,5.000000000000000000e+01,3.648859999999992709e+01,5.106300000000000239e+01,-1.063000000000002387e+00
2.230000000000000000e+02,5.000000000000000000e+01,4.019479999999997943e+01,5.086899999999999977e+01,-8.689999999999997726e-01
2.240000000000000000e+02,5.000000000000000000e+01,4.066739999999990829e+01,5.083700000000000330e+01,-8.370000000000032969e-01
2.250000000000000000e+02,5.000000000000000000e+01,4.571159999999996160e+01,5.057900000000000063e+01,-5.790000000000006253e-01
2.260000000000000000e+02,5.000000000000000000e+01,4.624220000000003239e+01,5.054699999999999704e+01,-5.469999999999970441e-01
2.270000000000000000e+02,5.000000000000000000e+01,4.744579999999998421e+01,5.048199999999999932e+01,-4.819999999999993179e-01
2.280000000000000000e+02,5.000000000000000000e+01,5.189440000000001163e+01,5.025699999999999790e+01,-2.569999999999978968e-01
2.290000000000000000e+02,5.000000000000000000e+01,5.315599999999996328e+01,5.019200000000000017e+01,-1.920000000000001705e-01
2.300000000000000000e+02,5.000000000000000000e+01,5.505680000000003815e+01,5.009599999999999653e+01,-9.599999999999653255e-02
2.310000000000000000e+02,5.000000000000000000e+01,5.503760000000004027e+01,5.009599999999999653e+01,-9.599999999999653255e-02
2.320000000000000000e+02,5.000000000000000000e+01,5.762419999999999476e+01,4.996699999999999875e+01,3.300000000000125056e-02
2.330000000000000000e+02,5.000000000000000000e+01,5.959020000000002426e+01,4.986999999999999744e+01,1.300000000000025580e-01
2.340000000000000000e+02,5.000000000000000000e+01,5.896979999999994959e+01,4.990200000000000102e+01,9.799999999999897682e-02
2.350000000000000000e+02,5.000000000000000000e+01,6.224159999999997694e+01,4.974099999999999966e+01,2.590000000000003411e-01
2.360000000000000000e+02,5.000000000000000000e+01,6.293979999999990582e+01,4.970900000000000318e+01,2.909999999999968168e-01
2.370000000000000000e+02,5.000000000000000000e+01,6.560380000000000678e+01,4.957999999999999829e+01,4.200000000000017053e-01
2.380000000000000000e+02,5.000000000000000000e+01,6.698060000000000969e+01,4.951599999999999824e+01,4.840000000000017621e-01
2.390000000000000000e+02,5.000000000000000000e+01,6.643099999999994054e+01,4.954800000000000182e+01,4.519999999999981810e-01
2.400000000000000000e+02,5.000000000000000000e+01,7.108659999999991896e+01,4.932200000000000273e+01,6.779999999999972715e-01
2.410000000000000000e+02,5.000000000000000000e+01,7.186859999999998649e+01,4.928999999999999915e+01,7.100000000000008527e-01
2.420000000000000000e+02,5.000000000000000000e+01,7.330339999999999634e+01,4.922599999999999909e+01,7.740000000000009095e-01
2.430000000000000000e+02,5.000000000000000000e+01,7.281179999999991992e+01,4.925800000000000267e+01,7.419999999999973284e-01
2.440000000000000000e+02,5.000000000000000000e+01,7.360660000000000025e+01,4.922599999999999909e+01,7.740000000000009095e-01
2.450000000000000000e+02,5.000000000000000000e+01,7.376140000000000896e+01,4.922599999999999909e+01,7.740000000000009095e-01
2.460000000000000000e+02,5.000000000000000000e+01,7.326979999999993254e+01,4.925800000000000267e+01,7.419999999999973284e-01
2.470000000000000000e+02,5.000000000000000000e+01,7.341819999999992774e+01,4.925800000000000267e+01,7.419999999999973284e-01
2.480000000000000000e+02,5.000000000000000000e+01,7.487960000000003902e+01,4.919299999999999784e+01,8.070000000000021600e-01
2.490000000000000000e+02,5.000000000000000000e+01,7.437440000000000850e+01,4.922599999999999909e+01,7.740000000000009095e-01
2.500000000000000000e+02,5.000000000000000000e+01,7.584219999999996276e+01,4.916100000000000136e+01,8.389999999999986358e-01
2.510000000000000000e+02,5.000000000000000000e+01,7.600999999999996248e+01,4.916100000000000136e+01,8.389999999999986358e-01
2.520000000000000000e+02,5.000000000000000000e+01,7.421839999999994575e+01,4.925800000000000267e+01,7.419999999999973284e-01
2.530000000000000000e+02,5.000000000000000000e+01,7.567980000000002860e+01,4.919299999999999784e+01,8.070000000000021600e-01
2.540000000000000000e+02,5.000000000000000000e+01,7.517460000000001230e+01,4.922599999999999909e+01,7.740000000000009095e-01
2.550000000000000000e+02,5.000000000000000000e+01,7.664239999999996655e+01,4.916100000000000136e+01,8.389999999999986358e-01
2.560000000000000000e+02,5.000000000000000000e+01,7.549720000000002074e+01,4.922599999999999909e+01,7.740000000000009095e-01
2.570000000000000000e+02,5.000000000000000000e+01,7.565200000000001523e+01,4.922599999999999909e+01,7.740000000000009095e-01
2.580000000000000000e+02,5.000000000000000000e+01,7.516039999999995302e+01,4.925800000000000267e+01,7.419999999999973284e-01
2.590000000000000000e+02,5.000000000000000000e+01,7.530879999999994823e+01,4.925800000000000267e+01,7.419999999999973284e-01
2.600000000000000000e+02,5.000000000000000000e+01,7.416439999999994370e+01,4.932200000000000273e+01,6.779999999999972715e-01
2.610000000000000000e+02,5.000000000000000000e+01,7.494640000000001123e+01,4.928999999999999915e+01,7.100000000000008527e-01
2.620000000000000000e+02,5.000000000000000000e+01,7.248260000000006187e+01,4.941899999999999693e+01,5.810000000000030695e-01
2.630000000000000000e+02,5.000000000000000000e+01,7.063940000000003749e+01,4.951599999999999824e+01,4.840000000000017621e-01
2.640000000000000000e+02,5.000000000000000000e+01,7.204919999999998481e+01,4.945100000000000051e+01,5.489999999999994884e-01
2.650000000000000000e+02,5.000000000000000000e+01,6.955320000000003233e+01,4.957999999999999829e+01,4.200000000000017053e-01
2.660000000000000000e+02,5.000000000000000000e+01,6.963720000000003552e+01,4.957999999999999829e+01,4.200000000000017053e-01
2.670000000000000000e+02,5.000000000000000000e+01,7.232699999999999818e+01,4.945100000000000051e+01,5.489999999999994884e-01
2.680000000000000000e+02,5.000000000000000000e+01,6.983100000000004570e+01,4.957999999999999829e+01,4.200000000000017053e-01
2.690000000000000000e+02,5.000000000000000000e+01,6.534980000000007294e+01,4.980599999999999739e+01,1.940000000000026148e-01
2.700000000000000000e+02,5.000000000000000000e+01,6.409580000000006805e+01,4.986999999999999744e+01,1.300000000000025580e-01
2.710000000000000000e+02,5.000000000000000000e+01,6.347539999999999338e+01,4.990200000000000102e+01,9.799999999999897682e-02
2.720000000000000000e+02,5.000000000000000000e+01,6.282839999999996650e+01,4.993500000000000227e+01,6.499999999999772626e-02
2.730000000000000000e+02,5.000000000000000000e+01,6.154859999999996489e+01,4.999900000000000233e+01,9.999999999976694198e-04
2.740000000000000000e+02,5.000000000000000000e+01,5.765020000000000522e+01,5.019200000000000017e+01,-1.920000000000001705e-01
2.750000000000000000e+02,5.000000000000000000e+01,5.955100000000008009e+01,5.009599999999999653e+01,-9.599999999999653255e-02
2.760000000000000000e+02,5.000000000000000000e+01,5.563319999999998089e+01,5.028900000000000148e+01,-2.890000000000014779e-01
2.770000000000000000e+02,5.000000000000000000e+01,5.622180000000005151e+01,5.025699999999999790e+01,-2.569999999999978968e-01
2.780000000000000000e+02,5.000000000000000000e+01,5.227179999999994919e+01,5.045000000000000284e+01,-4.500000000000028422e-01
2.790000000000000000e+02,5.000000000000000000e+01,5.412100000000002353e+01,5.035399999999999920e+01,-3.539999999999992042e-01
2.800000000000000000e+02,5.000000000000000000e+01,5.015160000000006590e+01,5.054699999999999704e+01,-5.469999999999970441e-01
2.810000000000000000e+02,5.000000000000000000e+01,5.004220000000006507e+01,5.054699999999999704e+01,-5.469999999999970441e-01
2.820000000000000000e+02,5.000000000000000000e+01,4.928639999999999333e+01,5.057900000000000063e+01,-5.790000000000006253e-01
2.830000000000000000e+02,5.000000000000000000e+01,4.460540000000001015e+01,5.080499999999999972e+01,-8.049999999999997158e-01
2.840000000000000000e+02,5.000000000000000000e+01,4.315160000000000906e+01,5.086899999999999977e+01,-8.689999999999997726e-01
2.850000000000000000e+02,5.000000000000000000e+01,4.297780000000000911e+01,5.086899999999999977e+01,-8.689999999999997726e-01
2.860000000000000000e+02,5.000000000000000000e+01,4.149100000000005650e+01,5.093399999999999750e+01,-9.339999999999974989e-01
2.870000000000000000e+02,5.000000000000000000e+01,4.130420000000005842e+01,5.093399999999999750e+01,-9.339999999999974989e-01
2.880000000000000000e+02,5.000000000000000000e+01,3.786520000000002995e+01,5.109499999999999886e+01,-1.094999999999998863e+00
2.890000000000000000e+02,5.000000000000000000e+01,3.829259999999995756e+01,5.106300000000000239e+01,-1.063000000000002387e+00
2.900000000000000000e+02,5.000000000000000000e+01,3.614080000000002713e+01,5.115899999999999892e+01,-1.158999999999998920e+00
2.910000000000000000e+02,5.000000000000000000e+01,3.459600000000007469e+01,5.122399999999999665e+01,-1.223999999999996646e+00
2.920000000000000000e+02,5.000000000000000000e+01,3.370480000000000587e+01,5.125600000000000023e+01,-1.256000000000000227e+00
2.930000000000000000e+02,5.000000000000000000e+01,2.955500000000004945e+01,5.144899999999999807e+01,-1.448999999999998067e+00
2.940000000000000000e+02,5.000000000000000000e+01,2.926520000000004984e+01,5.144899999999999807e+01,-1.448999999999998067e+00
2.950000000000000000e+02,5.000000000000000000e+01,2.766239999999995547e+01,5.151400000000000290e+01,-1.514000000000002899e+00
2.960000000000000000e+02,5.000000000000000000e+01,2.542040000000002209e+01,5.160999999999999943e+01,-1.609999999999999432e+00
2.970000000000000000e+02,5.000000000000000000e+01,2.574479999999994817e+01,5.157800000000000296e+01,-1.578000000000002956e+00
2.980000000000000000e+02,5.000000000000000000e+01,2.153059999999999263e+01,5.177100000000000080e+01,-1.771000000000000796e+00
2.990000000000000000e+02,5.000000000000000000e+01,2.182280000000006481e+01,5.173899999999999721e+01,-1.738999999999997215e+00
3.000000000000000000e+02,5.000000000000000000e+01,2.147500000000006537e+01,5.173899999999999721e+01,-1.738999999999997215e+00
3.010000000000000000e+02,5.000000000000000000e+01,2.048079999999999501e+01,5.177100000000000080e+01,-1.771000000000000796e+00
3.020000000000000000e+02,5.000000000000000000e+01,1.816719999999996560e+01,5.186800000000000210e+01,-1.868000000000002103e+00
3.030000000000000000e+02,5.000000000000000000e+01,1.779359999999996234e+01,5.186800000000000210e+01,-1.868000000000002103e+00
3.040000000000000000e+02,5.000000000000000000e+01,1.871279999999996591e+01,5.180400000000000205e+01,-1.804000000000002046e+00
3.050000000000000000e+02,5.000000000000000000e+01,1.641280000000003270e+01,5.189999999999999858e+01,-1.899999999999998579e+00
3.060000000000000000e+02,5.000000000000000000e+01,1.536620000000000630e+01,5.193299999999999983e+01,-1.932999999999999829e+00
3.070000000000000000e+02,5.000000000000000000e+01,1.564620000000002875e+01,5.189999999999999858e+01,-1.899999999999998579e+00
3.080000000000000000e+02,5.000000000000000000e+01,1.266039999999993171e+01,5.202900000000000347e+01,-2.029000000000003467e+00
3.090000000000000000e+02,5.000000000000000000e+01,1.550679999999995573e+01,5.186800000000000210e+01,-1.868000000000002103e+00
3.100000000000000000e+02,5.000000000000000000e+01,1.317379999999992890e+01,5.196500000000000341e+01,-1.965000000000003411e+00
3.110000000000000000e+02,5.000000000000000000e+01,1.474019999999995179e+01,5.186800000000000210e+01,-1.868000000000002103e+00
3.120000000000000000e+02,5.000000000000000000e+01,9.801399999999972579e+00,5.209400000000000119e+01,-2.094000000000001194e+00
3.130000000000000000e+02,5.000000000000000000e+01,1.263479999999999848e+01,5.193299999999999983e+01,-1.932999999999999829e+00
3.140000000000000000e+02,5.000000000000000000e+01,8.995999999999973795e+00,5.209400000000000119e+01,-2.094000000000001194e+00
3.150000000000000000e+02,5.000000000000000000e+01,1.182939999999999969e+01,5.193299999999999983e+01,-1.932999999999999829e+00
3.160000000000000000e+02,5.000000000000000000e+01,8.837000000000045929e+00,5.206199999999999761e+01,-2.061999999999997613e+00
3.170000000000000000e+02,5.000000000000000000e+01,1.234339999999995285e+01,5.186800000000000210e+01,-1.868000000000002103e+00
3.180000000000000000e+02,5.000000000000000000e+01,1.261620000000002761e+01,5.183599999999999852e+01,-1.835999999999998522e+00
3.190000000000000000e+02,5.000000000000000000e+01,1.224900000000003075e+01,5.183599999999999852e+01,-1.835999999999998522e+00
3.200000000000000000e+02,5.000000000000000000e+01,1.188180000000003389e+01,5.183599999999999852e+01,-1.835999999999998522e+00
3.210000000000000000e+02,5.000000000000000000e+01,1.216099999999996584e+01,5.180400000000000205e+01,-1.804000000000002046e+00
3.220000000000000000e+02,5.000000000000000000e+01,1.115380000000003946e+01,5.183599999999999852e+01,-1.835999999999998522e+00
3.230000000000000000e+02,5.000000000000000000e+01,1.078660000000004260e+01,5.183599999999999852e+01,-1.835999999999998522e+00
3.240000000000000000e+02,5.000000000000000000e+01,1.302519999999999811e+01,5.170700000000000074e+01,-1.707000000000000739e+00
3.250000000000000000e+02,5.000000000000000000e+01,1.397659999999999769e+01,5.164300000000000068e+01,-1.643000000000000682e+00
3.260000000000000000e+02,5.000000000000000000e+01,1.235519999999999641e+01,5.170700000000000074e+01,-1.707000000000000739e+00
3.270000000000000000e+02,5.000000000000000000e+01,1.526600000000002666e+01,5.154599999999999937e+01,-1.545999999999999375e+00
3.280000000000000000e+02,5.000000000000000000e+01,1.495680000000002963e+01,5.154599999999999937e+01,-1.545999999999999375e+00
3.290000000000000000e+02,5.000000000000000000e+01,1.789980000000005589e+01,5.138499999999999801e+01,-1.384999999999998010e+00
3.300000000000000000e+02,5.000000000000000000e+01,1.501699999999996038e+01,5.151400000000000290e+01,-1.514000000000002899e+00
3.310000000000000000e+02,5.000000000000000000e+01,1.863300000000000978e+01,5.132000000000000028e+01,-1.320000000000000284e+00
3.320000000000000000e+02,5.000000000000000000e+01,1.966180000000001371e+01,5.125600000000000023e+01,-1.256000000000000227e+00
3.330000000000000000e+02,5.000000000000000000e+01,1.941060000000001651e+01,5.125600000000000023e+01,-1.256000000000000227e+00
3.340000000000000000e+02,5.000000000000000000e+01,1.980580000000009022e+01,5.122399999999999665e+01,-1.223999999999996646e+00
3.350000000000000000e+02,5.000000000000000000e+01,2.022759999999997405e+01,5.119100000000000250e+01,-1.191000000000002501e+00
3.360000000000000000e+02,5.000000000000000000e+01,2.257499999999997442e+01,5.106300000000000239e+01,-1.063000000000002387e+00
3.370000000000000000e+02,5.000000000000000000e+01,2.496820000000007411e+01,5.093399999999999750e+01,-9.339999999999974989e-01
3.380000000000000000e+02,5.000000000000000000e+01,2.413500000000000512e+01,5.096600000000000108e+01,-9.660000000000010800e-01
3.390000000000000000e+02,5.000000000000000000e+01,2.654759999999996012e+01,5.083700000000000330e+01,-8.370000000000032969e-01
3.400000000000000000e+02,5.000000000000000000e+01,2.573380000000003065e+01,5.086899999999999977e+01,-8.689999999999997726e-01
3.410000000000000000e+02,5.000000000000000000e+01,2.556000000000003070e+01,5.086899999999999977e+01,-8.689999999999997726e-01
3.420000000000000000e+02,5.000000000000000000e+01,2.667900000000003047e+01,5.080499999999999972e+01,-8.049999999999997158e-01
3.430000000000000000e+02,5.000000000000000000e+01,2.977020000000005950e+01,5.064399999999999835e+01,-6.439999999999983515e-01
3.440000000000000000e+02,5.000000000000000000e+01,3.095440000000001390e+01,5.057900000000000063e+01,-5.790000000000006253e-01
3.450000000000000000e+02,5.000000000000000000e+01,3.148500000000008470e+01,5.054699999999999704e+01,-5.469999999999970441e-01
3.460000000000000000e+02,5.000000000000000000e+01,3.202200000000001268e+01,5.051500000000000057e+01,-5.150000000000005684e-01
3.470000000000000000e+02,5.000000000000000000e+01,3.517120000000004154e+01,5.035399999999999920e+01,-3.539999999999992042e-01
3.480000000000000000e+02,5.000000000000000000e+01,3.576700000000006696e+01,5.032099999999999795e+01,-3.209999999999979536e-01
3.490000000000000000e+02,5.000000000000000000e+01,3.764199999999999591e+01,5.022500000000000142e+01,-2.250000000000014211e-01
3.500000000000000000e+02,5.000000000000000000e+01,3.891000000000009607e+01,5.015999999999999659e+01,-1.599999999999965894e-01
3.510000000000000000e+02,5.000000000000000000e+01,3.823160000000002157e+01,5.019200000000000017e+01,-1.920000000000001705e-01
3.520000000000000000e+02,5.000000000000000000e+01,4.338459999999997763e+01,4.993500000000000227e+01,6.499999999999772626e-02
3.530000000000000000e+02,5.000000000000000000e+01,3.949900000000002365e+01,5.012800000000000011e+01,-1.280000000000001137e-01
3.540000000000000000e+02,5.000000000000000000e+01,4.207919999999997884e+01,4.999900000000000233e+01,9.999999999976694198e-04
3.550000000000000000e+02,5.000000000000000000e+01,4.403880000000000194e+01,4.990200000000000102e+01,9.799999999999897682e-02
3.560000000000000000e+02,5.000000000000000000e+01,4.405839999999999890e+01,4.990200000000000102e+01,9.799999999999897682e-02
3.570000000000000000e+02,5.000000000000000000e+01,4.472440000000007387e+01,4.986999999999999744e+01,1.300000000000025580e-01
3.580000000000000000e+02,5.000000000000000000e+01,4.410399999999999920e+01,4.990200000000000102e+01,9.799999999999897682e-02
3.590000000000000000e+02,5.000000000000000000e+01,4.606280000000007391e+01,4.980599999999999739e+01,1.940000000000026148e-01
3.600000000000000000e+02,5.000000000000000000e+01,4.935379999999995704e+01,4.964500000000000313e+01,3.549999999999968736e-01
3.610000000000000000e+02,5.000000000000000000e+01,4.813199999999995526e+01,4.970900000000000318e+01,2.909999999999968168e-01
3.620000000000000000e+02,5.000000000000000000e+01,5.079600000000005622e+01,4.957999999999999829e+01,4.200000000000017053e-01
3.630000000000000000e+02,5.000000000000000000e+01,4.892060000000002873e+01,4.967699999999999960e+01,3.230000000000003979e-01
3.640000000000000000e+02,5.000000000000000000e+01,5.094460000000005806e+01,4.957999999999999829e+01,4.200000000000017053e-01
3.650000000000000000e+02,5.000000000000000000e+01,5.102860000000006124e+01,4.957999999999999829e+01,4.200000000000017053e-01
3.660000000000000000e+02,5.000000000000000000e+01,5.240540000000006415e+01,4.951599999999999824e+01,4.840000000000017621e-01
3.670000000000000000e+02,5.000000000000000000e+01,5.120940000000006620e+01,4.957999999999999829e+01,4.200000000000017053e-01
3.680000000000000000e+02,5.000000000000000000e+01,4.868759999999996779e+01,4.970900000000000318e+01,2.909999999999968168e-01
3.690000000000000000e+02,5.000000000000000000e+01,5.135160000000006875e+01,4.957999999999999829e+01,4.200000000000017053e-01
3.700000000000000000e+02,5.000000000000000000e+01,5.143560000000007193e+01,4.957999999999999829e+01,4.200000000000017053e-01
3.710000000000000000e+02,5.000000000000000000e+01,5.216600000000000392e+01,4.954800000000000182e+01,4.519999999999981810e-01
3.720000000000000000e+02,5.000000000000000000e+01,5.161000000000007759e+01,4.957999999999999829e+01,4.200000000000017053e-01
3.730000000000000000e+02,5.000000000000000000e+01,5.169400000000008077e+01,4.957999999999999829e+01,4.200000000000017053e-01
3.740000000000000000e+02,5.000000000000000000e+01,5.307080000000008368e+01,4.951599999999999824e+01,4.840000000000017621e-01
3.750000000000000000e+02,5.000000000000000000e+01,5.383420000000010930e+01,4.948299999999999699e+01,5.170000000000030127e-01
3.760000000000000000e+02,5.000000000000000000e+01,5.393760000000010990e+01,4.948299999999999699e+01,5.170000000000030127e-01
3.770000000000000000e+02,5.000000000000000000e+01,5.404100000000011050e+01,4.948299999999999699e+01,5.170000000000030127e-01
3.780000000000000000e+02,5.000000000000000000e+01,5.479080000000003992e+01,4.945100000000000051e+01,5.489999999999994884e-01
3.790000000000000000e+02,5.000000000000000000e+01,5.619340000000003954e+01,4.938700000000000045e+01,6.129999999999995453e-01
3.800000000000000000e+02,5.000000000000000000e+01,5.631600000000003803e+01,4.938700000000000045e+01,6.129999999999995453e-01
3.810000000000000000e+02,5.000000000000000000e+01,5.514580000000003679e+01,4.945100000000000051e+01,5.489999999999994884e-01
3.820000000000000000e+02,5.000000000000000000e+01,5.590200000000010760e+01,4.941899999999999693e+01,5.810000000000030695e-01
3.830000000000000000e+02,5.000000000000000000e+01,5.862400000000006628e+01,4.928999999999999915e+01,7.100000000000008527e-01
3.840000000000000000e+02,5.000000000000000000e+01,5.811959999999999127e+01,4.932200000000000273e+01,6.779999999999972715e-01
3.850000000000000000e+02,5.000000000000000000e+01,5.564940000000003550e+01,4.945100000000000051e+01,5.489999999999994884e-01
3.860000000000000000e+02,5.000000000000000000e+01,5.511280000000010659e+01,4.948299999999999699e+01,5.170000000000030127e-01
3.870000000000000000e+02,5.000000000000000000e+01,5.715540000000003573e+01,4.938700000000000045e+01,6.129999999999995453e-01
3.880000000000000000e+02,5.000000000000000000e+01,5.467220000000008184e+01,4.951599999999999824e+01,4.840000000000017621e-01
3.890000000000000000e+02,5.000000000000000000e+01,5.543560000000010746e+01,4.948299999999999699e+01,5.170000000000030127e-01
3.900000000000000000e+02,5.000000000000000000e+01,5.487240000000008422e+01,4.951599999999999824e+01,4.840000000000017621e-01
3.910000000000000000e+02,5.000000000000000000e+01,5.496920000000008599e+01,4.951599999999999824e+01,4.840000000000017621e-01
3.920000000000000000e+02,5.000000000000000000e+01,5.506600000000008777e+01,4.951599999999999824e+01,4.840000000000017621e-01
3.930000000000000000e+02,5.000000000000000000e+01,5.387000000000008981e+01,4.957999999999999829e+01,4.200000000000017053e-01
3.940000000000000000e+02,5.000000000000000000e+01,5.460040000000002181e+01,4.954800000000000182e+01,4.519999999999981810e-01
3.950000000000000000e+02,5.000000000000000000e+01,5.469080000000002428e+01,4.954800000000000182e+01,4.519999999999981810e-01
3.960000000000000000e+02,5.000000000000000000e+01,5.478120000000002676e+01,4.954800000000000182e+01,4.519999999999981810e-01
3.970000000000000000e+02,5.000000000000000000e+01,5.422520000000010043e+01,4.957999999999999829e+01,4.200000000000017053e-01
3.980000000000000000e+02,5.000000000000000000e+01,5.299620000000000175e+01,4.964500000000000313e+01,3.549999999999968736e-01
3.990000000000000000e+02,5.000000000000000000e+01,5.438020000000010157e+01,4.957999999999999829e+01,4.200000000000017053e-01
4.000000000000000000e+02,5.000000000000000000e+01,4.989900000000012170e+01,4.980599999999999739e+01,1.940000000000026148e-01
4.010000000000000000e+02,5.000000000000000000e+01,4.993780000000012365e+01,4.980599999999999739e+01,1.940000000000026148e-01
4.020000000000000000e+02,5.000000000000000000e+01,4.803740000000004784e+01,4.990200000000000102e+01,9.799999999999897682e-02
4.030000000000000000e+02,5.000000000000000000e+01,4.870340000000012282e+01,4.986999999999999744e+01,1.300000000000025580e-01
4.040000000000000000e+02,5.000000000000000000e+01,4.808300000000004815e+01,4.990200000000000102e+01,9.799999999999897682e-02
4.050000000000000000e+02,5.000000000000000000e+01,4.810260000000004510e+01,4.990200000000000102e+01,9.799999999999897682e-02
4.060000000000000000e+02,5.000000000000000000e+01,4.812220000000004205e+01,4.990200000000000102e+01,9.799999999999897682e-02
4.070000000000000000e+02,5.000000000000000000e+01,4.814180000000003901e+01,4.990200000000000102e+01,9.799999999999897682e-02
4.080000000000000000e+02,5.000000000000000000e+01,4.294980000000013121e+01,5.015999999999999659e+01,-1.599999999999965894e-01
4.090000000000000000e+02,5.000000000000000000e+01,4.487720000000001619e+01,5.006300000000000239e+01,-6.300000000000238742e-02
4.100000000000000000e+02,5.000000000000000000e+01,4.355160000000006448e+01,5.012800000000000011e+01,-1.280000000000001137e-01
4.110000000000000000e+02,5.000000000000000000e+01,4.417240000000013822e+01,5.009599999999999653e+01,-9.599999999999653255e-02
4.120000000000000000e+02,5.000000000000000000e+01,4.286040000000014061e+01,5.015999999999999659e+01,-1.599999999999965894e-01
4.130000000000000000e+02,5.000000000000000000e+01,4.218200000000006611e+01,5.019200000000000017e+01,-1.920000000000001705e-01
4.140000000000000000e+02,5.000000000000000000e+01,4.214360000000006323e+01,5.019200000000000017e+01,-1.920000000000001705e-01
4.150000000000000000e+02,5.000000000000000000e+01,4.143860000000003652e+01,5.022500000000000142e+01,-2.250000000000014211e-01
4.160000000000000000e+02,5.000000000000000000e+01,4.139360000000003481e+01,5.022500000000000142e+01,-2.250000000000014211e-01
4.170000000000000000e+02,5.000000000000000000e+01,4.070220000000010430e+01,5.025699999999999790e+01,-2.569999999999978968e-01
4.180000000000000000e+02,5.000000000000000000e+01,4.065080000000010330e+01,5.025699999999999790e+01,-2.569999999999978968e-01
4.190000000000000000e+02,5.000000000000000000e+01,3.995300000000003138e+01,5.028900000000000148e+01,-2.890000000000014779e-01
4.200000000000000000e+02,5.000000000000000000e+01,3.924880000000010227e+01,5.032099999999999795e+01,-3.209999999999979536e-01
4.210000000000000000e+02,5.000000000000000000e+01,3.593240000000007228e+01,5.048199999999999932e+01,-4.819999999999993179e-01
4.220000000000000000e+02,5.000000000000000000e+01,3.648239999999999839e+01,5.045000000000000284e+01,-4.500000000000028422e-01
4.230000000000000000e+02,5.000000000000000000e+01,3.703880000000007300e+01,5.041799999999999926e+01,-4.179999999999992610e-01
4.240000000000000000e+02,5.000000000000000000e+01,3.499580000000004532e+01,5.051500000000000057e+01,-5.150000000000005684e-01
4.250000000000000000e+02,5.000000000000000000e+01,3.424640000000011497e+01,5.054699999999999704e+01,-5.469999999999970441e-01
4.260000000000000000e+02,5.000000000000000000e+01,3.413700000000011414e+01,5.054699999999999704e+01,-5.469999999999970441e-01
4.270000000000000000e+02,5.000000000000000000e+01,3.402760000000011331e+01,5.054699999999999704e+01,-5.469999999999970441e-01
4.280000000000000000e+02,5.000000000000000000e+01,3.195880000000008891e+01,5.064399999999999835e+01,-6.439999999999983515e-01
4.290000000000000000e+02,5.000000000000000000e+01,3.249660000000011451e+01,5.061099999999999710e+01,-6.109999999999971010e-01
4.300000000000000000e+02,5.000000000000000000e+01,3.041500000000009152e+01,5.070799999999999841e+01,-7.079999999999984084e-01
4.310000000000000000e+02,5.000000000000000000e+01,3.027340000000009468e+01,5.070799999999999841e+01,-7.079999999999984084e-01
4.320000000000000000e+02,5.000000000000000000e+01,2.883900000000009101e+01,5.077199999999999847e+01,-7.719999999999984652e-01
4.330000000000000000e+02,5.000000000000000000e+01,3.062380000000002411e+01,5.067600000000000193e+01,-6.760000000000019327e-01
4.340000000000000000e+02,5.000000000000000000e+01,3.113500000000009749e+01,5.064399999999999835e+01,-6.439999999999983515e-01
4.350000000000000000e+02,5.000000000000000000e+01,2.775400000000006884e+01,5.080499999999999972e+01,-8.049999999999997158e-01
4.360000000000000000e+02,5.000000000000000000e+01,2.694659999999999656e+01,5.083700000000000330e+01,-8.370000000000032969e-01
4.370000000000000000e+02,5.000000000000000000e+01,2.677919999999999590e+01,5.083700000000000330e+01,-8.370000000000032969e-01
4.380000000000000000e+02,5.000000000000000000e+01,2.725820000000006615e+01,5.080499999999999972e+01,-8.049999999999997158e-01
4.390000000000000000e+02,5.000000000000000000e+01,2.645079999999999387e+01,5.083700000000000330e+01,-8.370000000000032969e-01
4.400000000000000000e+02,5.000000000000000000e+01,2.563700000000006440e+01,5.086899999999999977e+01,-8.689999999999997726e-01
4.410000000000000000e+02,5.000000000000000000e+01,2.546320000000006445e+01,5.086899999999999977e+01,-8.689999999999997726e-01
4.420000000000000000e+02,5.000000000000000000e+01,2.528940000000006449e+01,5.086899999999999977e+01,-8.689999999999997726e-01
4.430000000000000000e+02,5.000000000000000000e+01,2.511560000000006454e+01,5.086899999999999977e+01,-8.689999999999997726e-01
4.440000000000000000e+02,5.000000000000000000e+01,2.884040000000002379e+01,5.067600000000000193e+01,-6.760000000000019327e-01
4.450000000000000000e+02,5.000000000000000000e+01,2.870520000000002625e+01,5.067600000000000193e+01,-6.760000000000019327e-01
4.460000000000000000e+02,5.000000000000000000e+01,2.988300000000012346e+01,5.061099999999999710e+01,-6.109999999999971010e-01
4.470000000000000000e+02,5.000000000000000000e+01,3.105360000000012377e+01,5.054699999999999704e+01,-5.469999999999970441e-01
4.480000000000000000e+02,5.000000000000000000e+01,3.094420000000012294e+01,5.054699999999999704e+01,-5.469999999999970441e-01
4.490000000000000000e+02,5.000000000000000000e+01,3.083480000000012211e+01,5.054699999999999704e+01,-5.469999999999970441e-01
4.500000000000000000e+02,5.000000000000000000e+01,3.072540000000012128e+01,5.054699999999999704e+01,-5.469999999999970441e-01
4.510000000000000000e+02,5.000000000000000000e+01,3.061600000000012045e+01,5.054699999999999704e+01,-5.469999999999970441e-01
4.520000000000000000e+02,5.000000000000000000e+01,2.986020000000004870e+01,5.057900000000000063e+01,-5.790000000000006253e-01
4.530000000000000000e+02,5.000000000000000000e+01,3.039080000000011950e+01,5.054699999999999704e+01,-5.469999999999970441e-01
4.540000000000000000e+02,5.000000000000000000e+01,3.028140000000011867e+01,5.054699999999999704e+01,-5.469999999999970441e-01
4.550000000000000000e+02,5.000000000000000000e+01,3.017200000000011784e+01,5.054699999999999704e+01,-5.469999999999970441e-01
4.560000000000000000e+02,5.000000000000000000e+01,3.006260000000011701e+01,5.054699999999999704e+01,-5.469999999999970441e-01
4.570000000000000000e+02,5.000000000000000000e+01,2.995320000000011618e+01,5.054699999999999704e+01,-5.469999999999970441e-01
4.580000000000000000e+02,5.000000000000000000e+01,3.374240000000007456e+01,5.035399999999999920e+01,-3.539999999999992042e-01
4.590000000000000000e+02,5.000000000000000000e+01,3.173239999999999839e+01,5.045000000000000284e+01,-4.500000000000028422e-01
4.600000000000000000e+02,5.000000000000000000e+01,3.099600000000006617e+01,5.048199999999999932e+01,-4.819999999999993179e-01
4.610000000000000000e+02,5.000000000000000000e+01,3.023300000000003962e+01,5.051500000000000057e+01,-5.150000000000005684e-01
4.620000000000000000e+02,5.000000000000000000e+01,3.469520000000002113e+01,5.028900000000000148e+01,-2.890000000000014779e-01
4.630000000000000000e+02,5.000000000000000000e+01,3.332440000000006819e+01,5.035399999999999920e+01,-3.539999999999992042e-01
4.640000000000000000e+02,5.000000000000000000e+01,3.392020000000009361e+01,5.032099999999999795e+01,-3.209999999999979536e-01
4.650000000000000000e+02,5.000000000000000000e+01,3.318940000000007018e+01,5.035399999999999920e+01,-3.539999999999992042e-01
4.660000000000000000e+02,5.000000000000000000e+01,3.572440000000002414e+01,5.022500000000000142e+01,-2.250000000000014211e-01
4.670000000000000000e+02,5.000000000000000000e+01,3.374020000000009389e+01,5.032099999999999795e+01,-3.209999999999979536e-01
4.680000000000000000e+02,5.000000000000000000e+01,3.561520000000002284e+01,5.022500000000000142e+01,-2.250000000000014211e-01
4.690000000000000000e+02,5.000000000000000000e+01,3.557020000000002113e+01,5.022500000000000142e+01,-2.250000000000014211e-01
4.700000000000000000e+02,5.000000000000000000e+01,3.552520000000001943e+01,5.022500000000000142e+01,-2.250000000000014211e-01
4.710000000000000000e+02,5.000000000000000000e+01,3.548020000000001772e+01,5.022500000000000142e+01,-2.250000000000014211e-01
4.720000000000000000e+02,5.000000000000000000e+01,3.543520000000001602e+01,5.022500000000000142e+01,-2.250000000000014211e-01
4.730000000000000000e+02,5.000000000000000000e+01,3.539020000000001431e+01,5.022500000000000142e+01,-2.250000000000014211e-01
4.740000000000000000e+02,5.000000000000000000e+01,3.534520000000001261e+01,5.022500000000000142e+01,-2.250000000000014211e-01
4.750000000000000000e+02,5.000000000000000000e+01,3.661320000000011277e+01,5.015999999999999659e+01,-1.599999999999965894e-01
4.760000000000000000e+02,5.000000000000000000e+01,3.593480000000003827e+01,5.019200000000000017e+01,-1.920000000000001705e-01
4.770000000000000000e+02,5.000000000000000000e+01,3.589640000000003539e+01,5.019200000000000017e+01,-1.920000000000001705e-01
4.780000000000000000e+02,5.000000000000000000e+01,3.846379999999999200e+01,5.006300000000000239e+01,-6.300000000000238742e-02
4.790000000000000000e+02,5.000000000000000000e+01,3.584540000000003346e+01,5.019200000000000017e+01,-1.920000000000001705e-01
4.800000000000000000e+02,5.000000000000000000e+01,3.774620000000010833e+01,5.009599999999999653e+01,-9.599999999999653255e-02
4.810000000000000000e+02,5.000000000000000000e+01,3.968639999999999191e+01,4.999900000000000233e+01,9.999999999976694198e-04
4.820000000000000000e+02,5.000000000000000000e+01,3.772720000000010998e+01,5.009599999999999653e+01,-9.599999999999653255e-02
4.830000000000000000e+02,5.000000000000000000e+01,3.902100000000006474e+01,5.003099999999999881e+01,-3.099999999999880629e-02
4.840000000000000000e+02,5.000000000000000000e+01,4.030760000000006471e+01,4.996699999999999875e+01,3.300000000000125056e-02
4.850000000000000000e+02,5.000000000000000000e+01,4.162720000000001619e+01,4.990200000000000102e+01,9.799999999999897682e-02
4.860000000000000000e+02,5.000000000000000000e+01,4.033380000000006049e+01,4.996699999999999875e+01,3.300000000000125056e-02
4.870000000000000000e+02,5.000000000000000000e+01,4.098679999999998813e+01,4.993500000000000227e+01,6.499999999999772626e-02
4.880000000000000000e+02,5.000000000000000000e+01,4.099979999999998626e+01,4.993500000000000227e+01,6.499999999999772626e-02
4.890000000000000000e+02,5.000000000000000000e+01,4.167940000000000822e+01,4.990200000000000102e+01,9.799999999999897682e-02
4.900000000000000000e+02,5.000000000000000000e+01,4.234540000000008320e+01,4.986999999999999744e+01,1.300000000000025580e-01
4.910000000000000000e+02,5.000000000000000000e+01,4.105839999999998469e+01,4.993500000000000227e+01,6.499999999999772626e-02
4.920000000000000000e+02,5.000000000000000000e+01,4.042500000000005400e+01,4.996699999999999875e+01,3.300000000000125056e-02
4.930000000000000000e+02,5.000000000000000000e+01,4.043160000000005283e+01,4.996699999999999875e+01,3.300000000000125056e-02
4.940000000000000000e+02,5.000000000000000000e+01,4.175120000000000431e+01,4.990200000000000102e+01,9.799999999999897682e-02
4.950000000000000000e+02,5.000000000000000000e+01,4.045780000000004861e+01,4.996699999999999875e+01,3.300000000000125056e-02
4.960000000000000000e+02,5.000000000000000000e+01,3.981799999999997652e+01,4.999900000000000233e+01,9.999999999976694198e-04
4.970000000000000000e+02,5.000000000000000000e+01,3.981819999999997606e+01,4.999900000000000233e+01,9.999999999976694198e-04
4.980000000000000000e+02,5.000000000000000000e+01,4.046480000000004651e+01,4.996699999999999875e+01,3.300000000000125056e-02
4.990000000000000000e+02,5.000000000000000000e+01,4.178439999999999799e+01,4.990200000000000102e+01,9.799999999999897682e-02
5.000000000000000000e+02,5.000000000000000000e+01,4.180399999999999494e+01,4.990200000000000102e+01,9.799999999999897682e-02
5.010000000000000000e+02,5.000000000000000000e+01,4.247000000000006992e+01,4.986999999999999744e+01,1.300000000000025580e-01
5.020000000000000000e+02,5.000000000000000000e+01,4.314240000000000208e+01,4.983800000000000097e+01,1.619999999999990337e-01
5.030000000000000000e+02,5.000000000000000000e+01,4.188199999999999790e+01,4.990200000000000102e+01,9.799999999999897682e-02
5.040000000000000000e+02,5.000000000000000000e+01,4.190159999999999485e+01,4.990200000000000102e+01,9.799999999999897682e-02
5.050000000000000000e+02,5.000000000000000000e+01,4.386040000000006955e+01,4.980599999999999739e+01,1.940000000000026148e-01
5.060000000000000000e+02,5.000000000000000000e+01,4.325280000000000058e+01,4.983800000000000097e+01,1.619999999999990337e-01
5.070000000000000000e+02,5.000000000000000000e+01,4.328520000000000323e+01,4.983800000000000097e+01,1.619999999999990337e-01
5.080000000000000000e+02,5.000000000000000000e+01,4.202479999999999905e+01,4.990200000000000102e+01,9.799999999999897682e-02
5.090000000000000000e+02,5.000000000000000000e+01,4.465019999999995548e+01,4.977300000000000324e+01,2.269999999999967599e-01
5.100000000000000000e+02,5.000000000000000000e+01,4.338260000000000360e+01,4.983800000000000097e+01,1.619999999999990337e-01
5.110000000000000000e+02,5.000000000000000000e+01,4.341500000000000625e+01,4.983800000000000097e+01,1.619999999999990337e-01
5.120000000000000000e+02,5.000000000000000000e+01,4.215460000000000207e+01,4.990200000000000102e+01,9.799999999999897682e-02
5.130000000000000000e+02,5.000000000000000000e+01,4.477999999999995850e+01,4.977300000000000324e+01,2.269999999999967599e-01
5.140000000000000000e+02,5.000000000000000000e+01,4.611819999999995900e+01,4.970900000000000318e+01,2.909999999999968168e-01
5.150000000000000000e+02,5.000000000000000000e+01,4.617639999999995837e+01,4.970900000000000318e+01,2.909999999999968168e-01
5.160000000000000000e+02,5.000000000000000000e+01,4.427520000000007627e+01,4.980599999999999739e+01,1.940000000000026148e-01
5.170000000000000000e+02,5.000000000000000000e+01,4.498059999999995995e+01,4.977300000000000324e+01,2.269999999999967599e-01
5.180000000000000000e+02,5.000000000000000000e+01,4.761159999999996018e+01,4.964500000000000313e+01,3.549999999999968736e-01
5.190000000000000000e+02,5.000000000000000000e+01,4.638979999999995840e+01,4.970900000000000318e+01,2.909999999999968168e-01
5.200000000000000000e+02,5.000000000000000000e+01,4.384220000000000539e+01,4.983800000000000097e+01,1.619999999999990337e-01
5.210000000000000000e+02,5.000000000000000000e+01,4.518759999999996069e+01,4.977300000000000324e+01,2.269999999999967599e-01
5.220000000000000000e+02,5.000000000000000000e+01,4.587940000000003238e+01,4.974099999999999966e+01,2.590000000000003411e-01
5.230000000000000000e+02,5.000000000000000000e+01,4.593120000000003245e+01,4.974099999999999966e+01,2.590000000000003411e-01
5.240000000000000000e+02,5.000000000000000000e+01,4.727580000000003224e+01,4.967699999999999960e+01,3.230000000000003979e-01
5.250000000000000000e+02,5.000000000000000000e+01,4.408820000000000761e+01,4.983800000000000097e+01,1.619999999999990337e-01
5.260000000000000000e+02,5.000000000000000000e+01,4.282780000000000342e+01,4.990200000000000102e+01,9.799999999999897682e-02
5.270000000000000000e+02,5.000000000000000000e+01,4.414020000000000721e+01,4.983800000000000097e+01,1.619999999999990337e-01
5.280000000000000000e+02,5.000000000000000000e+01,4.287980000000000302e+01,4.990200000000000102e+01,9.799999999999897682e-02
5.290000000000000000e+02,5.000000000000000000e+01,4.419220000000000681e+01,4.983800000000000097e+01,1.619999999999990337e-01
5.300000000000000000e+02,5.000000000000000000e+01,4.293180000000000263e+01,4.990200000000000102e+01,9.799999999999897682e-02
5.310000000000000000e+02,5.000000000000000000e+01,4.359780000000007760e+01,4.986999999999999744e+01,1.300000000000025580e-01
5.320000000000000000e+02,5.000000000000000000e+01,4.297740000000000293e+01,4.990200000000000102e+01,9.799999999999897682e-02
5.330000000000000000e+02,5.000000000000000000e+01,4.299699999999999989e+01,4.990200000000000102e+01,9.799999999999897682e-02
5.340000000000000000e+02,5.000000000000000000e+01,4.366300000000007486e+01,4.986999999999999744e+01,1.300000000000025580e-01
5.350000000000000000e+02,5.000000000000000000e+01,4.304260000000000019e+01,4.990200000000000102e+01,9.799999999999897682e-02
5.360000000000000000e+02,5.000000000000000000e+01,4.306219999999999715e+01,4.990200000000000102e+01,9.799999999999897682e-02
5.370000000000000000e+02,5.000000000000000000e+01,4.308179999999999410e+01,4.990200000000000102e+01,9.799999999999897682e-02
5.380000000000000000e+02,5.000000000000000000e+01,4.310139999999999105e+01,4.990200000000000102e+01,9.799999999999897682e-02
5.390000000000000000e+02,5.000000000000000000e+01,4.312099999999998801e+01,4.990200000000000102e+01,9.799999999999897682e-02
5.400000000000000000e+02,5.000000000000000000e+01,4.314059999999998496e+01,4.990200000000000102e+01,9.799999999999897682e-02
5.410000000000000000e+02,5.000000000000000000e+01,4.316019999999998191e+01,4.990200000000000102e+01,9.799999999999897682e-02
5.420000000000000000e+02,5.000000000000000000e+01,4.251319999999995503e+01,4.993500000000000227e+01,6.499999999999772626e-02
5.430000000000000000e+02,5.000000000000000000e+01,4.187980000000002434e+01,4.996699999999999875e+01,3.300000000000125056e-02
5.440000000000000000e+02,5.000000000000000000e+01,4.253279999999995198e+01,4.993500000000000227e+01,6.499999999999772626e-02
5.450000000000000000e+02,5.000000000000000000e+01,4.189940000000002129e+01,4.996699999999999875e+01,3.300000000000125056e-02
5.460000000000000000e+02,5.000000000000000000e+01,4.190600000000002012e+01,4.996699999999999875e+01,3.300000000000125056e-02
5.470000000000000000e+02,5.000000000000000000e+01,3.997339999999994831e+01,5.006300000000000239e+01,-6.300000000000238742e-02
5.480000000000000000e+02,5.000000000000000000e+01,3.864779999999999660e+01,5.012800000000000011e+01,-1.280000000000001137e-01
5.490000000000000000e+02,5.000000000000000000e+01,3.993519999999995207e+01,5.006300000000000239e+01,-6.300000000000238742e-02
5.500000000000000000e+02,5.000000000000000000e+01,3.992259999999995301e+01,5.006300000000000239e+01,-6.300000000000238742e-02
5.510000000000000000e+02,5.000000000000000000e+01,4.249559999999995341e+01,4.993500000000000227e+01,6.499999999999772626e-02
5.520000000000000000e+02,5.000000000000000000e+01,3.860999999999999943e+01,5.012800000000000011e+01,-1.280000000000001137e-01
5.530000000000000000e+02,5.000000000000000000e+01,4.119019999999995463e+01,4.999900000000000233e+01,9.999999999976694198e-04
5.540000000000000000e+02,5.000000000000000000e+01,4.248319999999995389e+01,4.993500000000000227e+01,6.499999999999772626e-02
5.550000000000000000e+02,5.000000000000000000e+01,4.184980000000002320e+01,4.996699999999999875e+01,3.300000000000125056e-02
5.560000000000000000e+02,5.000000000000000000e+01,4.250279999999995084e+01,4.993500000000000227e+01,6.499999999999772626e-02
5.570000000000000000e+02,5.000000000000000000e+01,4.186940000000002016e+01,4.996699999999999875e+01,3.300000000000125056e-02
5.580000000000000000e+02,5.000000000000000000e+01,3.862379999999999569e+01,5.012800000000000011e+01,-1.280000000000001137e-01
5.590000000000000000e+02,5.000000000000000000e+01,3.859819999999999851e+01,5.012800000000000011e+01,-1.280000000000001137e-01
5.600000000000000000e+02,5.000000000000000000e+01,3.988559999999995398e+01,5.006300000000000239e+01,-6.300000000000238742e-02
5.610000000000000000e+02,5.000000000000000000e+01,3.660059999999997160e+01,5.022500000000000142e+01,-2.250000000000014211e-01
5.620000000000000000e+02,5.000000000000000000e+01,3.982799999999995322e+01,5.006300000000000239e+01,-6.300000000000238742e-02
5.630000000000000000e+02,5.000000000000000000e+01,3.654299999999997084e+01,5.022500000000000142e+01,-2.250000000000014211e-01
5.640000000000000000e+02,5.000000000000000000e+01,3.716459999999999297e+01,5.019200000000000017e+01,-1.920000000000001705e-01
5.650000000000000000e+02,5.000000000000000000e+01,3.841899999999999693e+01,5.012800000000000011e+01,-1.280000000000001137e-01
5.660000000000000000e+02,5.000000000000000000e+01,3.710059999999999292e+01,5.019200000000000017e+01,-1.920000000000001705e-01
5.670000000000000000e+02,5.000000000000000000e+01,3.639559999999996620e+01,5.022500000000000142e+01,-2.250000000000014211e-01
5.680000000000000000e+02,5.000000000000000000e+01,3.635059999999996450e+01,5.022500000000000142e+01,-2.250000000000014211e-01
5.690000000000000000e+02,5.000000000000000000e+01,3.630559999999996279e+01,5.022500000000000142e+01,-2.250000000000014211e-01
5.700000000000000000e+02,5.000000000000000000e+01,3.626059999999996108e+01,5.022500000000000142e+01,-2.250000000000014211e-01
5.710000000000000000e+02,5.000000000000000000e+01,3.492279999999995965e+01,5.028900000000000148e+01,-2.890000000000014779e-01
5.720000000000000000e+02,5.000000000000000000e+01,3.615779999999995908e+01,5.022500000000000142e+01,-2.250000000000014211e-01
5.730000000000000000e+02,5.000000000000000000e+01,3.611279999999995738e+01,5.022500000000000142e+01,-2.250000000000014211e-01
5.740000000000000000e+02,5.000000000000000000e+01,3.738080000000005754e+01,5.015999999999999659e+01,-1.599999999999965894e-01
5.750000000000000000e+02,5.000000000000000000e+01,3.538940000000003039e+01,5.025699999999999790e+01,-2.569999999999978968e-01
5.760000000000000000e+02,5.000000000000000000e+01,3.469159999999995847e+01,5.028900000000000148e+01,-2.890000000000014779e-01
5.770000000000000000e+02,5.000000000000000000e+01,3.528020000000002909e+01,5.025699999999999790e+01,-2.569999999999978968e-01
5.780000000000000000e+02,5.000000000000000000e+01,3.458239999999995717e+01,5.028900000000000148e+01,-2.890000000000014779e-01
5.790000000000000000e+02,5.000000000000000000e+01,3.452459999999995688e+01,5.028900000000000148e+01,-2.890000000000014779e-01
5.800000000000000000e+02,5.000000000000000000e+01,3.511320000000002750e+01,5.025699999999999790e+01,-2.569999999999978968e-01
5.810000000000000000e+02,5.000000000000000000e+01,3.310240000000000293e+01,5.035399999999999920e+01,-3.539999999999992042e-01
5.820000000000000000e+02,5.000000000000000000e+01,3.434459999999995716e+01,5.028900000000000148e+01,-2.890000000000014779e-01
5.830000000000000000e+02,5.000000000000000000e+01,3.168100000000000449e+01,5.041799999999999926e+01,-4.179999999999992610e-01
5.840000000000000000e+02,5.000000000000000000e+01,3.289020000000000721e+01,5.035399999999999920e+01,-3.539999999999992042e-01
5.850000000000000000e+02,5.000000000000000000e+01,3.088019999999993104e+01,5.045000000000000284e+01,-4.500000000000028422e-01
5.860000000000000000e+02,5.000000000000000000e+01,3.404239999999995803e+01,5.028900000000000148e+01,-2.890000000000014779e-01
5.870000000000000000e+02,5.000000000000000000e+01,3.008599999999999852e+01,5.048199999999999932e+01,-4.819999999999993179e-01
5.880000000000000000e+02,5.000000000000000000e+01,3.192879999999993146e+01,5.038600000000000279e+01,-3.860000000000027853e-01
5.890000000000000000e+02,5.000000000000000000e+01,3.249800000000000466e+01,5.035399999999999920e+01,-3.539999999999992042e-01
5.900000000000000000e+02,5.000000000000000000e+01,3.113440000000000651e+01,5.041799999999999926e+01,-4.179999999999992610e-01
5.910000000000000000e+02,5.000000000000000000e+01,3.430300000000003280e+01,5.025699999999999790e+01,-2.569999999999978968e-01
5.920000000000000000e+02,5.000000000000000000e+01,3.164579999999993731e+01,5.038600000000000279e+01,-3.860000000000027853e-01
5.930000000000000000e+02,5.000000000000000000e+01,3.288160000000003436e+01,5.032099999999999795e+01,-3.209999999999979536e-01
5.940000000000000000e+02,5.000000000000000000e+01,3.150439999999994001e+01,5.038600000000000279e+01,-3.860000000000027853e-01
5.950000000000000000e+02,5.000000000000000000e+01,3.338659999999996586e+01,5.028900000000000148e+01,-2.890000000000014779e-01
5.960000000000000000e+02,5.000000000000000000e+01,3.332879999999996556e+01,5.028900000000000148e+01,-2.890000000000014779e-01
5.970000000000000000e+02,5.000000000000000000e+01,3.262460000000003646e+01,5.032099999999999795e+01,-3.209999999999979536e-01
5.980000000000000000e+02,5.000000000000000000e+01,3.189380000000001303e+01,5.035399999999999920e+01,-3.539999999999992042e-01
5.990000000000000000e+02,5.000000000000000000e+01,3.313599999999996726e+01,5.028900000000000148e+01,-2.890000000000014779e-01
6.000000000000000000e+02,5.000000000000000000e+01,3.176520000000001431e+01,5.035399999999999920e+01,-3.539999999999992042e-01
