t,Tref,u,T1,e
0.000000000000000000e+00,5.000000000000000000e+01,1.000000000000000000e+02,2.702100000000000080e+01,2.297899999999999920e+01
1.000000000000000000e+00,5.000000000000000000e+01,1.000000000000000000e+02,2.727899999999999991e+01,2.272100000000000009e+01
2.000000000000000000e+00,5.000000000000000000e+01,1.000000000000000000e+02,2.731200000000000117e+01,2.268799999999999883e+01
3.000000000000000000e+00,5.000000000000000000e+01,1.000000000000000000e+02,2.727899999999999991e+01,2.272100000000000009e+01
4.000000000000000000e+00,5.000000000000000000e+01,1.000000000000000000e+02,2.721499999999999986e+01,2.278500000000000014e+01
5.000000000000000000e+00,5.000000000000000000e+01,1.000000000000000000e+02,2.721499999999999986e+01,2.278500000000000014e+01
6.000000000000000000e+00,5.000000000000000000e+01,1.000000000000000000e+02,2.724699999999999989e+01,2.275300000000000011e+01
7.000000000000000000e+00,5.000000000000000000e+01,1.000000000000000000e+02,2.724699999999999989e+01,2.275300000000000011e+01
8.000000000000000000e+00,5.000000000000000000e+01,1.000000000000000000e+02,2.727899999999999991e+01,2.272100000000000009e+01
9.000000000000000000e+00,5.000000000000000000e+01,1.000000000000000000e+02,2.731200000000000117e+01,2.268799999999999883e+01
1.000000000000000000e+01,5.000000000000000000e+01,1.000000000000000000e+02,2.731200000000000117e+01,2.268799999999999883e+01
1.100000000000000000e+01,5.000000000000000000e+01,1.000000000000000000e+02,2.727899999999999991e+01,2.272100000000000009e+01
1.200000000000000000e+01,5.000000000000000000e+01,1.000000000000000000e+02,2.740800000000000125e+01,2.259199999999999875e+01
1.300000000000000000e+01,5.000000000000000000e+01,1.000000000000000000e+02,2.747299999999999898e+01,2.252700000000000102e+01
1.400000000000000000e+01,5.000000000000000000e+01,1.000000000000000000e+02,2.744000000000000128e+01,2.255999999999999872e+01
1.500000000000000000e+01,5.000000000000000000e+01,1.000000000000000000e+02,2.769800000000000040e+01,2.230199999999999960e+01
1.600000000000000000e+01,5.000000000000000000e+01,1.000000000000000000e+02,2.773000000000000043e+01,2.226999999999999957e+01
1.700000000000000000e+01,5.000000000000000000e+01,1.000000000000000000e+02,2.789199999999999946e+01,2.210800000000000054e+01
1.800000000000000000e+01,5.000000000000000000e+01,1.000000000000000000e+02,2.792399999999999949e+01,2.207600000000000051e+01
1.900000000000000000e+01,5.000000000000000000e+01,1.000000000000000000e+02,2.795599999999999952e+01,2.204400000000000048e+01
2.000000000000000000e+01,5.000000000000000000e+01,1.000000000000000000e+02,2.805300000000000082e+01,2.194699999999999918e+01
2.100000000000000000e+01,5.000000000000000000e+01,1.000000000000000000e+02,2.834299999999999997e+01,2.165700000000000003e+01
2.200000000000000000e+01,5.000000000000000000e+01,1.000000000000000000e+02,2.831099999999999994e+01,2.168900000000000006e+01
2.300000000000000000e+01,5.000000000000000000e+01,1.000000000000000000e+02,2.847200000000000131e+01,2.152799999999999869e+01
2.400000000000000000e+01,5.000000000000000000e+01,1.000000000000000000e+02,2.860099999999999909e+01,2.139900000000000091e+01
2.500000000000000000e+01,5.000000000000000000e+01,1.000000000000000000e+02,2.872899999999999920e+01,2.127100000000000080e+01
2.600000000000000000e+01,5.000000000000000000e+01,1.000000000000000000e+02,2.892299999999999827e+01,2.107700000000000173e+01
2.700000000000000000e+01,5.000000000000000000e+01,1.000000000000000000e+02,2.911599999999999966e+01,2.088400000000000034e+01
2.800000000000000000e+01,5.000000000000000000e+01,1.000000000000000000e+02,2.918100000000000094e+01,2.081899999999999906e+01
2.900000000000000000e+01,5.000000000000000000e+01,1.000000000000000000e+02,2.937399999999999878e+01,2.062600000000000122e+01
3.000000000000000000e+01,5.000000000000000000e+01,1.000000000000000000e+02,2.960000000000000142e+01,2.039999999999999858e+01
3.100000000000000000e+01,5.000000000000000000e+01,1.000000000000000000e+02,2.979299999999999926e+01,2.020700000000000074e+01
3.200000000000000000e+01,5.000000000000000000e+01,1.000000000000000000e+02,2.992200000000000060e+01,2.007799999999999940e+01
3.300000000000000000e+01,5.000000000000000000e+01,1.000000000000000000e+02,2.998600000000000065e+01,2.001399999999999935e+01
3.400000000000000000e+01,5.000000000000000000e+01,1.000000000000000000e+02,3.030900000000000105e+01,1.969099999999999895e+01
3.500000000000000000e+01,5.000000000000000000e+01,1.000000000000000000e+02,3.053399999999999892e+01,1.946600000000000108e+01
3.600000000000000000e+01,5.000000000000000000e+01,1.000000000000000000e+02,3.082400000000000162e+01,1.917599999999999838e+01
3.700000000000000000e+01,5.000000000000000000e+01,1.000000000000000000e+02,3.098499999999999943e+01,1.901500000000000057e+01
3.800000000000000000e+01,5.000000000000000000e+01,1.000000000000000000e+02,3.124299999999999855e+01,1.875700000000000145e+01
3.900000000000000000e+01,5.000000000000000000e+01,1.000000000000000000e+02,3.146900000000000119e+01,1.853099999999999881e+01
4.000000000000000000e+01,5.000000000000000000e+01,1.000000000000000000e+02,3.166199999999999903e+01,1.833800000000000097e+01
4.100000000000000000e+01,5.000000000000000000e+01,1.000000000000000000e+02,3.179100000000000037e+01,1.820899999999999963e+01
4.200000000000000000e+01,5.000000000000000000e+01,1.000000000000000000e+02,3.198400000000000176e+01,1.801599999999999824e+01
4.300000000000000000e+01,5.000000000000000000e+01,1.000000000000000000e+02,3.224199999999999733e+01,1.775800000000000267e+01
4.400000000000000000e+01,5.000000000000000000e+01,1.000000000000000000e+02,3.250000000000000000e+01,1.750000000000000000e+01
4.500000000000000000e+01,5.000000000000000000e+01,1.000000000000000000e+02,3.262899999999999778e+01,1.737100000000000222e+01
4.600000000000000000e+01,5.000000000000000000e+01,1.000000000000000000e+02,3.282200000000000273e+01,1.717799999999999727e+01
4.700000000000000000e+01,5.000000000000000000e+01,1.000000000000000000e+02,3.314500000000000313e+01,1.685499999999999687e+01
4.800000000000000000e+01,5.000000000000000000e+01,1.000000000000000000e+02,3.340200000000000102e+01,1.659799999999999898e+01
4.900000000000000000e+01,5.000000000000000000e+01,1.000000000000000000e+02,3.359599999999999653e+01,1.640400000000000347e+01
5.000000000000000000e+01,5.000000000000000000e+01,1.000000000000000000e+02,3.378900000000000148e+01,1.621099999999999852e+01
5.100000000000000000e+01,5.000000000000000000e+01,1.000000000000000000e+02,3.401500000000000057e+01,1.598499999999999943e+01
5.200000000000000000e+01,5.000000000000000000e+01,1.000000000000000000e+02,3.417600000000000193e+01,1.582399999999999807e+01
5.300000000000000000e+01,5.000000000000000000e+01,1.000000000000000000e+02,3.443399999999999750e+01,1.556600000000000250e+01
5.400000000000000000e+01,5.000000000000000000e+01,1.000000000000000000e+02,3.469100000000000250e+01,1.530899999999999750e+01
5.500000000000000000e+01,5.000000000000000000e+01,1.000000000000000000e+02,3.491700000000000159e+01,1.508299999999999841e+01
5.600000000000000000e+01,5.000000000000000000e+01,1.000000000000000000e+02,3.514300000000000068e+01,1.485699999999999932e+01
5.700000000000000000e+01,5.000000000000000000e+01,1.000000000000000000e+02,3.539999999999999858e+01,1.460000000000000142e+01
5.800000000000000000e+01,5.000000000000000000e+01,1.000000000000000000e+02,3.572299999999999898e+01,1.427700000000000102e+01
5.900000000000000000e+01,5.000000000000000000e+01,1.000000000000000000e+02,3.597999999999999687e+01,1.402000000000000313e+01
6.000000000000000000e+01,5.000000000000000000e+01,1.000000000000000000e+02,3.617399999999999949e+01,1.382600000000000051e+01
6.100000000000000000e+01,5.000000000000000000e+01,1.000000000000000000e+02,3.649600000000000222e+01,1.350399999999999778e+01
6.200000000000000000e+01,5.000000000000000000e+01,1.000000000000000000e+02,3.672200000000000131e+01,1.327799999999999869e+01
6.300000000000000000e+01,5.000000000000000000e+01,1.000000000000000000e+02,3.691499999999999915e+01,1.308500000000000085e+01
6.400000000000000000e+01,5.000000000000000000e+01,1.000000000000000000e+02,3.714099999999999824e+01,1.285900000000000176e+01
6.500000000000000000e+01,5.000000000000000000e+01,1.000000000000000000e+02,3.733400000000000318e+01,1.266599999999999682e+01
6.600000000000000000e+01,5.000000000000000000e+01,1.000000000000000000e+02,3.759199999999999875e+01,1.240800000000000125e+01
6.700000000000000000e+01,5.000000000000000000e+01,1.000000000000000000e+02,3.781700000000000017e+01,1.218299999999999983e+01
6.800000000000000000e+01,5.000000000000000000e+01,1.000000000000000000e+02,3.810699999999999932e+01,1.189300000000000068e+01
6.900000000000000000e+01,5.000000000000000000e+01,1.000000000000000000e+02,3.826899999999999835e+01,1.173100000000000165e+01
7.000000000000000000e+01,5.000000000000000000e+01,1.000000000000000000e+02,3.836500000000000199e+01,1.163499999999999801e+01
7.100000000000000000e+01,5.000000000000000000e+01,1.000000000000000000e+02,3.878399999999999892e+01,1.121600000000000108e+01
7.200000000000000000e+01,5.000000000000000000e+01,1.000000000000000000e+02,3.888100000000000023e+01,1.111899999999999977e+01
7.300000000000000000e+01,5.000000000000000000e+01,1.000000000000000000e+02,3.929999999999999716e+01,1.070000000000000284e+01
7.400000000000000000e+01,5.000000000000000000e+01,1.000000000000000000e+02,3.952499999999999858e+01,1.047500000000000142e+01
7.500000000000000000e+01,5.000000000000000000e+01,1.000000000000000000e+02,3.965400000000000347e+01,1.034599999999999653e+01
7.600000000000000000e+01,5.000000000000000000e+01,1.000000000000000000e+02,3.994400000000000261e+01,1.005599999999999739e+01
7.700000000000000000e+01,5.000000000000000000e+01,1.000000000000000000e+02,4.017000000000000171e+01,9.829999999999998295e+00
7.800000000000000000e+01,5.000000000000000000e+01,1.000000000000000000e+02,4.046000000000000085e+01,9.539999999999999147e+00
7.900000000000000000e+01,5.000000000000000000e+01,1.000000000000000000e+02,4.068599999999999994e+01,9.314000000000000057e+00
8.000000000000000000e+01,5.000000000000000000e+01,1.000000000000000000e+02,4.087899999999999778e+01,9.121000000000002217e+00
8.100000000000000000e+01,5.000000000000000000e+01,1.000000000000000000e+02,4.116899999999999693e+01,8.831000000000003070e+00
8.200000000000000000e+01,5.000000000000000000e+01,1.000000000000000000e+02,4.149099999999999966e+01,8.509000000000000341e+00
8.300000000000000000e+01,5.000000000000000000e+01,1.000000000000000000e+02,4.178099999999999881e+01,8.219000000000001194e+00
8.400000000000000000e+01,5.000000000000000000e+01,1.000000000000000000e+02,4.203900000000000148e+01,7.960999999999998522e+00
8.500000000000000000e+01,5.000000000000000000e+01,1.000000000000000000e+02,4.210399999999999920e+01,7.896000000000000796e+00
8.600000000000000000e+01,5.000000000000000000e+01,1.000000000000000000e+02,4.242600000000000193e+01,7.573999999999998067e+00
8.700000000000000000e+01,5.000000000000000000e+01,1.000000000000000000e+02,4.258700000000000330e+01,7.412999999999996703e+00
8.800000000000000000e+01,5.000000000000000000e+01,1.000000000000000000e+02,4.281300000000000239e+01,7.186999999999997613e+00
8.900000000000000000e+01,5.000000000000000000e+01,1.000000000000000000e+02,4.303799999999999670e+01,6.962000000000003297e+00
9.000000000000000000e+01,5.000000000000000000e+01,1.000000000000000000e+02,4.329599999999999937e+01,6.704000000000000625e+00
9.100000000000000000e+01,5.000000000000000000e+01,1.000000000000000000e+02,4.352100000000000080e+01,6.478999999999999204e+00
9.200000000000000000e+01,5.000000000000000000e+01,1.000000000000000000e+02,4.371500000000000341e+01,6.284999999999996589e+00
9.300000000000000000e+01,5.000000000000000000e+01,1.000000000000000000e+02,4.406900000000000261e+01,5.930999999999997385e+00
9.400000000000000000e+01,5.000000000000000000e+01,1.000000000000000000e+02,4.410199999999999676e+01,5.898000000000003240e+00
9.500000000000000000e+01,5.000000000000000000e+01,1.000000000000000000e+02,4.442399999999999949e+01,5.576000000000000512e+00
9.600000000000000000e+01,5.000000000000000000e+01,1.000000000000000000e+02,4.471399999999999864e+01,5.286000000000001364e+00
9.700000000000000000e+01,5.000000000000000000e+01,1.000000000000000000e+02,4.490699999999999648e+01,5.093000000000003524e+00
9.800000000000000000e+01,5.000000000000000000e+01,9.733999999999994657e+01,4.513300000000000267e+01,4.866999999999997328e+00
9.900000000000000000e+01,5.000000000000000000e+01,9.153999999999996362e+01,4.542300000000000182e+01,4.576999999999998181e+00
1.000000000000000000e+02,5.000000000000000000e+01,8.831999999999993634e+01,4.558400000000000318e+01,4.415999999999996817e+00
1.010000000000000000e+02,5.000000000000000000e+01,8.379999999999995453e+01,4.581000000000000227e+01,4.189999999999997726e+00
1.020000000000000000e+02,5.000000000000000000e+01,7.930000000000006821e+01,4.603499999999999659e+01,3.965000000000003411e+00
1.030000000000000000e+02,5.000000000000000000e+01,7.608000000000004093e+01,4.619599999999999795e+01,3.804000000000002046e+00
1.040000000000000000e+02,5.000000000000000000e+01,7.219999999999998863e+01,4.639000000000000057e+01,3.609999999999999432e+00
1.050000000000000000e+02,5.000000000000000000e+01,6.897999999999996135e+01,4.655100000000000193e+01,3.448999999999998067e+00
1.060000000000000000e+02,5.000000000000000000e+01,6.512000000000000455e+01,4.674399999999999977e+01,3.256000000000000227e+00
1.070000000000000000e+02,5.000000000000000000e+01,6.060000000000002274e+01,4.696999999999999886e+01,3.030000000000001137e+00
1.080000000000000000e+02,5.000000000000000000e+01,5.867999999999994998e+01,4.706600000000000250e+01,2.933999999999997499e+00
1.090000000000000000e+02,5.000000000000000000e+01,5.480000000000003979e+01,4.725999999999999801e+01,2.740000000000001990e+00
1.100000000000000000e+02,5.000000000000000000e+01,5.030000000000001137e+01,4.748499999999999943e+01,2.515000000000000568e+00
1.110000000000000000e+02,5.000000000000000000e+01,4.578000000000002956e+01,4.771099999999999852e+01,2.289000000000001478e+00
1.120000000000000000e+02,5.000000000000000000e+01,4.256000000000000227e+01,4.787199999999999989e+01,2.128000000000000114e+00
1.130000000000000000e+02,5.000000000000000000e+01,3.804000000000002046e+01,4.809799999999999898e+01,1.902000000000001023e+00
1.140000000000000000e+02,5.000000000000000000e+01,3.611999999999994770e+01,4.819400000000000261e+01,1.805999999999997385e+00
1.150000000000000000e+02,5.000000000000000000e+01,3.159999999999996589e+01,4.842000000000000171e+01,1.579999999999998295e+00
1.160000000000000000e+02,5.000000000000000000e+01,2.902000000000001023e+01,4.854899999999999949e+01,1.451000000000000512e+00
1.170000000000000000e+02,5.000000000000000000e+01,2.516000000000005343e+01,4.874199999999999733e+01,1.258000000000002672e+00
1.180000000000000000e+02,5.000000000000000000e+01,2.194000000000002615e+01,4.890299999999999869e+01,1.097000000000001307e+00
1.190000000000000000e+02,5.000000000000000000e+01,2.000000000000000000e+01,4.900000000000000000e+01,1.000000000000000000e+00
1.200000000000000000e+02,5.000000000000000000e+01,1.614000000000004320e+01,4.919299999999999784e+01,8.070000000000021600e-01
1.210000000000000000e+02,5.000000000000000000e+01,1.355999999999994543e+01,4.932200000000000273e+01,6.779999999999972715e-01
1.220000000000000000e+02,5.000000000000000000e+01,1.097999999999998977e+01,4.945100000000000051e+01,5.489999999999994884e-01
1.230000000000000000e+02,5.000000000000000000e+01,7.099999999999937472e+00,4.964500000000000313e+01,3.549999999999968736e-01
1.240000000000000000e+02,5.000000000000000000e+01,5.819999999999936335e+00,4.970900000000000318e+01,2.909999999999968168e-01
1.250000000000000000e+02,5.000000000000000000e+01,2.600000000000051159e+00,4.986999999999999744e+01,1.300000000000025580e-01
1.260000000000000000e+02,5.000000000000000000e+01,1.299999999999954525e+00,4.993500000000000227e+01,6.499999999999772626e-02
1.270000000000000000e+02,5.000000000000000000e+01,0.000000000000000000e+00,5.019200000000000017e+01,-1.920000000000001705e-01
1.280000000000000000e+02,5.000000000000000000e+01,0.000000000000000000e+00,5.022500000000000142e+01,-2.250000000000014211e-01
1.290000000000000000e+02,5.000000000000000000e+01,0.000000000000000000e+00,5.051500000000000057e+01,-5.150000000000005684e-01
1.300000000000000000e+02,5.000000000000000000e+01,0.000000000000000000e+00,5.054699999999999704e+01,-5.469999999999970441e-01
1.310000000000000000e+02,5.000000000000000000e+01,0.000000000000000000e+00,5.061099999999999710e+01,-6.109999999999971010e-01
1.320000000000000000e+02,5.000000000000000000e+01,0.000000000000000000e+00,5.067600000000000193e+01,-6.760000000000019327e-01
1.330000000000000000e+02,5.000000000000000000e+01,0.000000000000000000e+00,5.083700000000000330e+01,-8.370000000000032969e-01
1.340000000000000000e+02,5.000000000000000000e+01,0.000000000000000000e+00,5.083700000000000330e+01,-8.370000000000032969e-01
1.350000000000000000e+02,5.000000000000000000e+01,0.000000000000000000e+00,5.086899999999999977e+01,-8.689999999999997726e-01
1.360000000000000000e+02,5.000000000000000000e+01,0.000000000000000000e+00,5.086899999999999977e+01,-8.689999999999997726e-01
1.370000000000000000e+02,5.000000000000000000e+01,0.000000000000000000e+00,5.086899999999999977e+01,-8.689999999999997726e-01
1.380000000000000000e+02,5.000000000000000000e+01,0.000000000000000000e+00,5.086899999999999977e+01,-8.689999999999997726e-01
1.390000000000000000e+02,5.000000000000000000e+01,0.000000000000000000e+00,5.083700000000000330e+01,-8.370000000000032969e-01
1.400000000000000000e+02,5.000000000000000000e+01,0.000000000000000000e+00,5.083700000000000330e+01,-8.370000000000032969e-01
1.410000000000000000e+02,5.000000000000000000e+01,0.000000000000000000e+00,5.083700000000000330e+01,-8.370000000000032969e-01
1.420000000000000000e+02,5.000000000000000000e+01,0.000000000000000000e+00,5.086899999999999977e+01,-8.689999999999997726e-01
1.430000000000000000e+02,5.000000000000000000e+01,0.000000000000000000e+00,5.070799999999999841e+01,-7.079999999999984084e-01
1.440000000000000000e+02,5.000000000000000000e+01,0.000000000000000000e+00,5.070799999999999841e+01,-7.079999999999984084e-01
1.450000000000000000e+02,5.000000000000000000e+01,0.000000000000000000e+00,5.067600000000000193e+01,-6.760000000000019327e-01
1.460000000000000000e+02,5.000000000000000000e+01,0.000000000000000000e+00,5.054699999999999704e+01,-5.469999999999970441e-01
1.470000000000000000e+02,5.000000000000000000e+01,0.000000000000000000e+00,5.054699999999999704e+01,-5.469999999999970441e-01
1.480000000000000000e+02,5.000000000000000000e+01,0.000000000000000000e+00,5.054699999999999704e+01,-5.469999999999970441e-01
1.490000000000000000e+02,5.000000000000000000e+01,0.000000000000000000e+00,5.054699999999999704e+01,-5.469999999999970441e-01
1.500000000000000000e+02,5.000000000000000000e+01,0.000000000000000000e+00,5.032099999999999795e+01,-3.209999999999979536e-01
1.510000000000000000e+02,5.000000000000000000e+01,0.000000000000000000e+00,5.041799999999999926e+01,-4.179999999999992610e-01
1.520000000000000000e+02,5.000000000000000000e+01,0.000000000000000000e+00,5.028900000000000148e+01,-2.890000000000014779e-01
1.530000000000000000e+02,5.000000000000000000e+01,0.000000000000000000e+00,5.022500000000000142e+01,-2.250000000000014211e-01
1.540000000000000000e+02,5.000000000000000000e+01,0.000000000000000000e+00,5.022500000000000142e+01,-2.250000000000014211e-01
1.550000000000000000e+02,5.000000000000000000e+01,0.000000000000000000e+00,5.015999999999999659e+01,-1.599999999999965894e-01
1.560000000000000000e+02,5.000000000000000000e+01,1.299999999999954525e+00,4.993500000000000227e+01,6.499999999999772626e-02
1.570000000000000000e+02,5.000000000000000000e+01,1.999999999995338840e-02,4.999900000000000233e+01,9.999999999976694198e-04
1.580000000000000000e+02,5.000000000000000000e+01,1.959999999999979536e+00,4.990200000000000102e+01,9.799999999999897682e-02
1.590000000000000000e+02,5.000000000000000000e+01,2.600000000000051159e+00,4.986999999999999744e+01,1.300000000000025580e-01
1.600000000000000000e+02,5.000000000000000000e+01,7.099999999999937472e+00,4.964500000000000313e+01,3.549999999999968736e-01
1.610000000000000000e+02,5.000000000000000000e+01,8.400000000000034106e+00,4.957999999999999829e+01,4.200000000000017053e-01
1.620000000000000000e+02,5.000000000000000000e+01,8.400000000000034106e+00,4.957999999999999829e+01,4.200000000000017053e-01
1.630000000000000000e+02,5.000000000000000000e+01,1.034000000000006025e+01,4.948299999999999699e+01,5.170000000000030127e-01
1.640000000000000000e+02,5.000000000000000000e+01,1.034000000000006025e+01,4.948299999999999699e+01,5.170000000000030127e-01
1.650000000000000000e+02,5.000000000000000000e+01,1.292000000000001592e+01,4.935399999999999920e+01,6.460000000000007958e-01
1.660000000000000000e+02,5.000000000000000000e+01,1.225999999999999091e+01,4.938700000000000045e+01,6.129999999999995453e-01
1.670000000000000000e+02,5.000000000000000000e+01,1.225999999999999091e+01,4.938700000000000045e+01,6.129999999999995453e-01
1.680000000000000000e+02,5.000000000000000000e+01,1.483999999999994657e+01,4.925800000000000267e+01,7.419999999999973284e-01
1.690000000000000000e+02,5.000000000000000000e+01,1.805999999999997385e+01,4.909700000000000131e+01,9.029999999999986926e-01
1.700000000000000000e+02,5.000000000000000000e+01,1.871999999999999886e+01,4.906400000000000006e+01,9.359999999999999432e-01
1.710000000000000000e+02,5.000000000000000000e+01,2.194000000000002615e+01,4.890299999999999869e+01,1.097000000000001307e+00
1.720000000000000000e+02,5.000000000000000000e+01,2.385999999999995680e+01,4.880700000000000216e+01,1.192999999999997840e+00
1.730000000000000000e+02,5.000000000000000000e+01,2.516000000000005343e+01,4.874199999999999733e+01,1.258000000000002672e+00
1.740000000000000000e+02,5.000000000000000000e+01,2.644000000000005457e+01,4.867799999999999727e+01,1.322000000000002728e+00
1.750000000000000000e+02,5.000000000000000000e+01,2.707999999999998408e+01,4.864600000000000080e+01,1.353999999999999204e+00
1.760000000000000000e+02,5.000000000000000000e+01,2.902000000000001023e+01,4.854899999999999949e+01,1.451000000000000512e+00
1.770000000000000000e+02,5.000000000000000000e+01,3.224000000000003752e+01,4.838799999999999812e+01,1.612000000000001876e+00
1.780000000000000000e+02,5.000000000000000000e+01,3.353999999999999204e+01,4.832300000000000040e+01,1.676999999999999602e+00
1.790000000000000000e+02,5.000000000000000000e+01,3.353999999999999204e+01,4.832300000000000040e+01,1.676999999999999602e+00
1.800000000000000000e+02,5.000000000000000000e+01,3.870000000000004547e+01,4.806499999999999773e+01,1.935000000000002274e+00
1.810000000000000000e+02,5.000000000000000000e+01,3.998000000000004661e+01,4.800099999999999767e+01,1.999000000000002331e+00
1.820000000000000000e+02,5.000000000000000000e+01,4.126000000000004775e+01,4.793699999999999761e+01,2.063000000000002387e+00
1.830000000000000000e+02,5.000000000000000000e+01,4.641999999999995907e+01,4.767900000000000205e+01,2.320999999999997954e+00
1.840000000000000000e+02,5.000000000000000000e+01,4.707999999999998408e+01,4.764600000000000080e+01,2.353999999999999204e+00
1.850000000000000000e+02,5.000000000000000000e+01,4.963999999999998636e+01,4.751800000000000068e+01,2.481999999999999318e+00
1.860000000000000000e+02,5.000000000000000000e+01,5.158000000000001251e+01,4.742099999999999937e+01,2.579000000000000625e+00
1.870000000000000000e+02,5.000000000000000000e+01,5.287999999999996703e+01,4.735600000000000165e+01,2.643999999999998352e+00
1.880000000000000000e+02,5.000000000000000000e+01,5.287999999999996703e+01,4.735600000000000165e+01,2.643999999999998352e+00
1.890000000000000000e+02,5.000000000000000000e+01,5.543999999999996930e+01,4.722800000000000153e+01,2.771999999999998465e+00
1.900000000000000000e+02,5.000000000000000000e+01,5.609999999999999432e+01,4.719500000000000028e+01,2.804999999999999716e+00
1.910000000000000000e+02,5.000000000000000000e+01,5.932000000000002160e+01,4.703399999999999892e+01,2.966000000000001080e+00
1.920000000000000000e+02,5.000000000000000000e+01,5.995999999999995111e+01,4.700200000000000244e+01,2.997999999999997556e+00
1.930000000000000000e+02,5.000000000000000000e+01,6.060000000000002274e+01,4.696999999999999886e+01,3.030000000000001137e+00
1.940000000000000000e+02,5.000000000000000000e+01,6.189999999999997726e+01,4.690500000000000114e+01,3.094999999999998863e+00
1.950000000000000000e+02,5.000000000000000000e+01,6.447999999999993292e+01,4.677600000000000335e+01,3.223999999999996646e+00
1.960000000000000000e+02,5.000000000000000000e+01,6.382000000000005002e+01,4.680899999999999750e+01,3.191000000000002501e+00
1.970000000000000000e+02,5.000000000000000000e+01,6.447999999999993292e+01,4.677600000000000335e+01,3.223999999999996646e+00
1.980000000000000000e+02,5.000000000000000000e+01,6.382000000000005002e+01,4.680899999999999750e+01,3.191000000000002501e+00
1.990000000000000000e+02,5.000000000000000000e+01,6.512000000000000455e+01,4.674399999999999977e+01,3.256000000000000227e+00
2.000000000000000000e+02,5.000000000000000000e+01,6.512000000000000455e+01,4.674399999999999977e+01,3.256000000000000227e+00
2.010000000000000000e+02,5.000000000000000000e+01,6.382000000000005002e+01,4.680899999999999750e+01,3.191000000000002501e+00
2.020000000000000000e+02,5.000000000000000000e+01,6.512000000000000455e+01,4.674399999999999977e+01,3.256000000000000227e+00
2.030000000000000000e+02,5.000000000000000000e+01,6.575999999999993406e+01,4.671200000000000330e+01,3.287999999999996703e+00
2.040000000000000000e+02,5.000000000000000000e+01,6.640000000000000568e+01,4.667999999999999972e+01,3.320000000000000284e+00
2.050000000000000000e+02,5.000000000000000000e+01,6.575999999999993406e+01,4.671200000000000330e+01,3.287999999999996703e+00
2.060000000000000000e+02,5.000000000000000000e+01,6.512000000000000455e+01,4.674399999999999977e+01,3.256000000000000227e+00
2.070000000000000000e+02,5.000000000000000000e+01,6.575999999999993406e+01,4.671200000000000330e+01,3.287999999999996703e+00
2.080000000000000000e+02,5.000000000000000000e+01,6.447999999999993292e+01,4.677600000000000335e+01,3.223999999999996646e+00
2.090000000000000000e+02,5.000000000000000000e+01,6.512000000000000455e+01,4.674399999999999977e+01,3.256000000000000227e+00
2.100000000000000000e+02,5.000000000000000000e+01,6.382000000000005002e+01,4.680899999999999750e+01,3.191000000000002501e+00
2.110000000000000000e+02,5.000000000000000000e+01,6.447999999999993292e+01,4.677600000000000335e+01,3.223999999999996646e+00
2.120000000000000000e+02,5.000000000000000000e+01,6.447999999999993292e+01,4.677600000000000335e+01,3.223999999999996646e+00
2.130000000000000000e+02,5.000000000000000000e+01,6.382000000000005002e+01,4.680899999999999750e+01,3.191000000000002501e+00
2.140000000000000000e+02,5.000000000000000000e+01,6.382000000000005002e+01,4.680899999999999750e+01,3.191000000000002501e+00
2.150000000000000000e+02,5.000000000000000000e+01,6.447999999999993292e+01,4.677600000000000335e+01,3.223999999999996646e+00
2.160000000000000000e+02,5.000000000000000000e+01,6.447999999999993292e+01,4.677600000000000335e+01,3.223999999999996646e+00
2.170000000000000000e+02,5.000000000000000000e+01,6.254000000000004889e+01,4.687299999999999756e+01,3.127000000000002444e+00
2.180000000000000000e+02,5.000000000000000000e+01,6.317999999999997840e+01,4.684100000000000108e+01,3.158999999999998920e+00
2.190000000000000000e+02,5.000000000000000000e+01,6.317999999999997840e+01,4.684100000000000108e+01,3.158999999999998920e+00
2.200000000000000000e+02,5.000000000000000000e+01,6.060000000000002274e+01,4.696999999999999886e+01,3.030000000000001137e+00
2.210000000000000000e+02,5.000000000000000000e+01,5.995999999999995111e+01,4.700200000000000244e+01,2.997999999999997556e+00
2.220000000000000000e+02,5.000000000000000000e+01,5.932000000000002160e+01,4.703399999999999892e+01,2.966000000000001080e+00
2.230000000000000000e+02,5.000000000000000000e+01,5.802000000000006708e+01,4.709899999999999665e+01,2.901000000000003354e+00
2.240000000000000000e+02,5.000000000000000000e+01,5.674000000000006594e+01,4.716299999999999670e+01,2.837000000000003297e+00
2.250000000000000000e+02,5.000000000000000000e+01,5.674000000000006594e+01,4.716299999999999670e+01,2.837000000000003297e+00
2.260000000000000000e+02,5.000000000000000000e+01,5.609999999999999432e+01,4.719500000000000028e+01,2.804999999999999716e+00
2.270000000000000000e+02,5.000000000000000000e+01,5.737999999999999545e+01,4.713100000000000023e+01,2.868999999999999773e+00
2.280000000000000000e+02,5.000000000000000000e+01,5.480000000000003979e+01,4.725999999999999801e+01,2.740000000000001990e+00
2.290000000000000000e+02,5.000000000000000000e+01,5.415999999999996817e+01,4.729200000000000159e+01,2.707999999999998408e+00
2.300000000000000000e+02,5.000000000000000000e+01,5.415999999999996817e+01,4.729200000000000159e+01,2.707999999999998408e+00
2.310000000000000000e+02,5.000000000000000000e+01,5.352000000000003865e+01,4.732399999999999807e+01,2.676000000000001933e+00
2.320000000000000000e+02,5.000000000000000000e+01,5.287999999999996703e+01,4.735600000000000165e+01,2.643999999999998352e+00
2.330000000000000000e+02,5.000000000000000000e+01,5.158000000000001251e+01,4.742099999999999937e+01,2.579000000000000625e+00
2.340000000000000000e+02,5.000000000000000000e+01,4.900000000000005684e+01,4.754999999999999716e+01,2.450000000000002842e+00
2.350000000000000000e+02,5.000000000000000000e+01,4.900000000000005684e+01,4.754999999999999716e+01,2.450000000000002842e+00
2.360000000000000000e+02,5.000000000000000000e+01,4.900000000000005684e+01,4.754999999999999716e+01,2.450000000000002842e+00
2.370000000000000000e+02,5.000000000000000000e+01,4.900000000000005684e+01,4.754999999999999716e+01,2.450000000000002842e+00
2.380000000000000000e+02,5.000000000000000000e+01,4.772000000000005571e+01,4.761399999999999721e+01,2.386000000000002785e+00
2.390000000000000000e+02,5.000000000000000000e+01,4.707999999999998408e+01,4.764600000000000080e+01,2.353999999999999204e+00
2.400000000000000000e+02,5.000000000000000000e+01,4.641999999999995907e+01,4.767900000000000205e+01,2.320999999999997954e+00
2.410000000000000000e+02,5.000000000000000000e+01,4.450000000000002842e+01,4.777499999999999858e+01,2.225000000000001421e+00
2.420000000000000000e+02,5.000000000000000000e+01,4.513999999999995794e+01,4.774300000000000210e+01,2.256999999999997897e+00
2.430000000000000000e+02,5.000000000000000000e+01,4.450000000000002842e+01,4.777499999999999858e+01,2.225000000000001421e+00
2.440000000000000000e+02,5.000000000000000000e+01,4.319999999999993179e+01,4.784000000000000341e+01,2.159999999999996589e+00
2.450000000000000000e+02,5.000000000000000000e+01,4.061999999999997613e+01,4.796900000000000119e+01,2.030999999999998806e+00
2.460000000000000000e+02,5.000000000000000000e+01,4.126000000000004775e+01,4.793699999999999761e+01,2.063000000000002387e+00
2.470000000000000000e+02,5.000000000000000000e+01,4.061999999999997613e+01,4.796900000000000119e+01,2.030999999999998806e+00
2.480000000000000000e+02,5.000000000000000000e+01,3.998000000000004661e+01,4.800099999999999767e+01,1.999000000000002331e+00
2.490000000000000000e+02,5.000000000000000000e+01,3.933999999999997499e+01,4.803300000000000125e+01,1.966999999999998749e+00
2.500000000000000000e+02,5.000000000000000000e+01,4.061999999999997613e+01,4.796900000000000119e+01,2.030999999999998806e+00
2.510000000000000000e+02,5.000000000000000000e+01,3.933999999999997499e+01,4.803300000000000125e+01,1.966999999999998749e+00
2.520000000000000000e+02,5.000000000000000000e+01,3.739999999999994884e+01,4.813000000000000256e+01,1.869999999999997442e+00
2.530000000000000000e+02,5.000000000000000000e+01,3.804000000000002046e+01,4.809799999999999898e+01,1.902000000000001023e+00
2.540000000000000000e+02,5.000000000000000000e+01,3.870000000000004547e+01,4.806499999999999773e+01,1.935000000000002274e+00
2.550000000000000000e+02,5.000000000000000000e+01,3.611999999999994770e+01,4.819400000000000261e+01,1.805999999999997385e+00
2.560000000000000000e+02,5.000000000000000000e+01,3.676000000000001933e+01,4.816199999999999903e+01,1.838000000000000966e+00
2.570000000000000000e+02,5.000000000000000000e+01,3.676000000000001933e+01,4.816199999999999903e+01,1.838000000000000966e+00
2.580000000000000000e+02,5.000000000000000000e+01,3.739999999999994884e+01,4.813000000000000256e+01,1.869999999999997442e+00
2.590000000000000000e+02,5.000000000000000000e+01,3.611999999999994770e+01,4.819400000000000261e+01,1.805999999999997385e+00
2.600000000000000000e+02,5.000000000000000000e+01,3.290000000000006253e+01,4.835499999999999687e+01,1.645000000000003126e+00
2.610000000000000000e+02,5.000000000000000000e+01,3.290000000000006253e+01,4.835499999999999687e+01,1.645000000000003126e+00
2.620000000000000000e+02,5.000000000000000000e+01,3.418000000000006366e+01,4.829099999999999682e+01,1.709000000000003183e+00
2.630000000000000000e+02,5.000000000000000000e+01,3.224000000000003752e+01,4.838799999999999812e+01,1.612000000000001876e+00
2.640000000000000000e+02,5.000000000000000000e+01,3.353999999999999204e+01,4.832300000000000040e+01,1.676999999999999602e+00
2.650000000000000000e+02,5.000000000000000000e+01,3.031999999999996476e+01,4.848400000000000176e+01,1.515999999999998238e+00
2.660000000000000000e+02,5.000000000000000000e+01,3.353999999999999204e+01,4.832300000000000040e+01,1.676999999999999602e+00
2.670000000000000000e+02,5.000000000000000000e+01,3.159999999999996589e+01,4.842000000000000171e+01,1.579999999999998295e+00
2.680000000000000000e+02,5.000000000000000000e+01,3.224000000000003752e+01,4.838799999999999812e+01,1.612000000000001876e+00
2.690000000000000000e+02,5.000000000000000000e+01,3.159999999999996589e+01,4.842000000000000171e+01,1.579999999999998295e+00
2.700000000000000000e+02,5.000000000000000000e+01,3.224000000000003752e+01,4.838799999999999812e+01,1.612000000000001876e+00
2.710000000000000000e+02,5.000000000000000000e+01,3.290000000000006253e+01,4.835499999999999687e+01,1.645000000000003126e+00
2.720000000000000000e+02,5.000000000000000000e+01,3.224000000000003752e+01,4.838799999999999812e+01,1.612000000000001876e+00
2.730000000000000000e+02,5.000000000000000000e+01,3.224000000000003752e+01,4.838799999999999812e+01,1.612000000000001876e+00
2.740000000000000000e+02,5.000000000000000000e+01,3.290000000000006253e+01,4.835499999999999687e+01,1.645000000000003126e+00
2.750000000000000000e+02,5.000000000000000000e+01,3.159999999999996589e+01,4.842000000000000171e+01,1.579999999999998295e+00
2.760000000000000000e+02,5.000000000000000000e+01,3.290000000000006253e+01,4.835499999999999687e+01,1.645000000000003126e+00
2.770000000000000000e+02,5.000000000000000000e+01,3.290000000000006253e+01,4.835499999999999687e+01,1.645000000000003126e+00
2.780000000000000000e+02,5.000000000000000000e+01,3.031999999999996476e+01,4.848400000000000176e+01,1.515999999999998238e+00
2.790000000000000000e+02,5.000000000000000000e+01,3.224000000000003752e+01,4.838799999999999812e+01,1.612000000000001876e+00
2.800000000000000000e+02,5.000000000000000000e+01,3.224000000000003752e+01,4.838799999999999812e+01,1.612000000000001876e+00
2.810000000000000000e+02,5.000000000000000000e+01,3.224000000000003752e+01,4.838799999999999812e+01,1.612000000000001876e+00
2.820000000000000000e+02,5.000000000000000000e+01,3.224000000000003752e+01,4.838799999999999812e+01,1.612000000000001876e+00
2.830000000000000000e+02,5.000000000000000000e+01,3.224000000000003752e+01,4.838799999999999812e+01,1.612000000000001876e+00
2.840000000000000000e+02,5.000000000000000000e+01,3.224000000000003752e+01,4.838799999999999812e+01,1.612000000000001876e+00
2.850000000000000000e+02,5.000000000000000000e+01,3.418000000000006366e+01,4.829099999999999682e+01,1.709000000000003183e+00
2.860000000000000000e+02,5.000000000000000000e+01,3.418000000000006366e+01,4.829099999999999682e+01,1.709000000000003183e+00
2.870000000000000000e+02,5.000000000000000000e+01,3.418000000000006366e+01,4.829099999999999682e+01,1.709000000000003183e+00
2.880000000000000000e+02,5.000000000000000000e+01,3.481999999999999318e+01,4.825900000000000034e+01,1.740999999999999659e+00
2.890000000000000000e+02,5.000000000000000000e+01,3.739999999999994884e+01,4.813000000000000256e+01,1.869999999999997442e+00
2.900000000000000000e+02,5.000000000000000000e+01,3.546000000000006480e+01,4.822699999999999676e+01,1.773000000000003240e+00
2.910000000000000000e+02,5.000000000000000000e+01,3.933999999999997499e+01,4.803300000000000125e+01,1.966999999999998749e+00
2.920000000000000000e+02,5.000000000000000000e+01,3.481999999999999318e+01,4.825900000000000034e+01,1.740999999999999659e+00
2.930000000000000000e+02,5.000000000000000000e+01,3.481999999999999318e+01,4.825900000000000034e+01,1.740999999999999659e+00
2.940000000000000000e+02,5.000000000000000000e+01,3.546000000000006480e+01,4.822699999999999676e+01,1.773000000000003240e+00
2.950000000000000000e+02,5.000000000000000000e+01,3.481999999999999318e+01,4.825900000000000034e+01,1.740999999999999659e+00
2.960000000000000000e+02,5.000000000000000000e+01,3.611999999999994770e+01,4.819400000000000261e+01,1.805999999999997385e+00
2.970000000000000000e+02,5.000000000000000000e+01,3.676000000000001933e+01,4.816199999999999903e+01,1.838000000000000966e+00
2.980000000000000000e+02,5.000000000000000000e+01,3.870000000000004547e+01,4.806499999999999773e+01,1.935000000000002274e+00
2.990000000000000000e+02,5.000000000000000000e+01,3.676000000000001933e+01,4.816199999999999903e+01,1.838000000000000966e+00
3.000000000000000000e+02,5.000000000000000000e+01,3.676000000000001933e+01,4.816199999999999903e+01,1.838000000000000966e+00
3.010000000000000000e+02,5.000000000000000000e+01,3.804000000000002046e+01,4.809799999999999898e+01,1.902000000000001023e+00
3.020000000000000000e+02,5.000000000000000000e+01,3.739999999999994884e+01,4.813000000000000256e+01,1.869999999999997442e+00
3.030000000000000000e+02,5.000000000000000000e+01,3.870000000000004547e+01,4.806499999999999773e+01,1.935000000000002274e+00
3.040000000000000000e+02,5.000000000000000000e+01,3.804000000000002046e+01,4.809799999999999898e+01,1.902000000000001023e+00
3.050000000000000000e+02,5.000000000000000000e+01,4.061999999999997613e+01,4.796900000000000119e+01,2.030999999999998806e+00
3.060000000000000000e+02,5.000000000000000000e+01,4.061999999999997613e+01,4.796900000000000119e+01,2.030999999999998806e+00
3.070000000000000000e+02,5.000000000000000000e+01,3.933999999999997499e+01,4.803300000000000125e+01,1.966999999999998749e+00
3.080000000000000000e+02,5.000000000000000000e+01,4.061999999999997613e+01,4.796900000000000119e+01,2.030999999999998806e+00
3.090000000000000000e+02,5.000000000000000000e+01,4.061999999999997613e+01,4.796900000000000119e+01,2.030999999999998806e+00
3.100000000000000000e+02,5.000000000000000000e+01,4.191999999999993065e+01,4.790400000000000347e+01,2.095999999999996533e+00
3.110000000000000000e+02,5.000000000000000000e+01,4.126000000000004775e+01,4.793699999999999761e+01,2.063000000000002387e+00
3.120000000000000000e+02,5.000000000000000000e+01,4.256000000000000227e+01,4.787199999999999989e+01,2.128000000000000114e+00
3.130000000000000000e+02,5.000000000000000000e+01,4.191999999999993065e+01,4.790400000000000347e+01,2.095999999999996533e+00
3.140000000000000000e+02,5.000000000000000000e+01,4.191999999999993065e+01,4.790400000000000347e+01,2.095999999999996533e+00
3.150000000000000000e+02,5.000000000000000000e+01,4.578000000000002956e+01,4.771099999999999852e+01,2.289000000000001478e+00
3.160000000000000000e+02,5.000000000000000000e+01,4.513999999999995794e+01,4.774300000000000210e+01,2.256999999999997897e+00
3.170000000000000000e+02,5.000000000000000000e+01,4.256000000000000227e+01,4.787199999999999989e+01,2.128000000000000114e+00
3.180000000000000000e+02,5.000000000000000000e+01,4.191999999999993065e+01,4.790400000000000347e+01,2.095999999999996533e+00
3.190000000000000000e+02,5.000000000000000000e+01,4.126000000000004775e+01,4.793699999999999761e+01,2.063000000000002387e+00
3.200000000000000000e+02,5.000000000000000000e+01,4.126000000000004775e+01,4.793699999999999761e+01,2.063000000000002387e+00
3.210000000000000000e+02,5.000000000000000000e+01,4.061999999999997613e+01,4.796900000000000119e+01,2.030999999999998806e+00
3.220000000000000000e+02,5.000000000000000000e+01,4.061999999999997613e+01,4.796900000000000119e+01,2.030999999999998806e+00
3.230000000000000000e+02,5.000000000000000000e+01,4.061999999999997613e+01,4.796900000000000119e+01,2.030999999999998806e+00
3.240000000000000000e+02,5.000000000000000000e+01,3.998000000000004661e+01,4.800099999999999767e+01,1.999000000000002331e+00
3.250000000000000000e+02,5.000000000000000000e+01,4.061999999999997613e+01,4.796900000000000119e+01,2.030999999999998806e+00
3.260000000000000000e+02,5.000000000000000000e+01,3.933999999999997499e+01,4.803300000000000125e+01,1.966999999999998749e+00
3.270000000000000000e+02,5.000000000000000000e+01,4.061999999999997613e+01,4.796900000000000119e+01,2.030999999999998806e+00
3.280000000000000000e+02,5.000000000000000000e+01,3.933999999999997499e+01,4.803300000000000125e+01,1.966999999999998749e+00
3.290000000000000000e+02,5.000000000000000000e+01,3.739999999999994884e+01,4.813000000000000256e+01,1.869999999999997442e+00
3.300000000000000000e+02,5.000000000000000000e+01,3.546000000000006480e+01,4.822699999999999676e+01,1.773000000000003240e+00
3.310000000000000000e+02,5.000000000000000000e+01,3.546000000000006480e+01,4.822699999999999676e+01,1.773000000000003240e+00
3.320000000000000000e+02,5.000000000000000000e+01,3.353999999999999204e+01,4.832300000000000040e+01,1.676999999999999602e+00
3.330000000000000000e+02,5.000000000000000000e+01,3.418000000000006366e+01,4.829099999999999682e+01,1.709000000000003183e+00
3.340000000000000000e+02,5.000000000000000000e+01,3.353999999999999204e+01,4.832300000000000040e+01,1.676999999999999602e+00
3.350000000000000000e+02,5.000000000000000000e+01,3.546000000000006480e+01,4.822699999999999676e+01,1.773000000000003240e+00
3.360000000000000000e+02,5.000000000000000000e+01,3.481999999999999318e+01,4.825900000000000034e+01,1.740999999999999659e+00
3.370000000000000000e+02,5.000000000000000000e+01,3.611999999999994770e+01,4.819400000000000261e+01,1.805999999999997385e+00
3.380000000000000000e+02,5.000000000000000000e+01,3.739999999999994884e+01,4.813000000000000256e+01,1.869999999999997442e+00
3.390000000000000000e+02,5.000000000000000000e+01,3.676000000000001933e+01,4.816199999999999903e+01,1.838000000000000966e+00
3.400000000000000000e+02,5.000000000000000000e+01,3.804000000000002046e+01,4.809799999999999898e+01,1.902000000000001023e+00
3.410000000000000000e+02,5.000000000000000000e+01,3.739999999999994884e+01,4.813000000000000256e+01,1.869999999999997442e+00
3.420000000000000000e+02,5.000000000000000000e+01,3.739999999999994884e+01,4.813000000000000256e+01,1.869999999999997442e+00
3.430000000000000000e+02,5.000000000000000000e+01,3.870000000000004547e+01,4.806499999999999773e+01,1.935000000000002274e+00
3.440000000000000000e+02,5.000000000000000000e+01,3.870000000000004547e+01,4.806499999999999773e+01,1.935000000000002274e+00
3.450000000000000000e+02,5.000000000000000000e+01,3.998000000000004661e+01,4.800099999999999767e+01,1.999000000000002331e+00
3.460000000000000000e+02,5.000000000000000000e+01,3.870000000000004547e+01,4.806499999999999773e+01,1.935000000000002274e+00
3.470000000000000000e+02,5.000000000000000000e+01,3.804000000000002046e+01,4.809799999999999898e+01,1.902000000000001023e+00
3.480000000000000000e+02,5.000000000000000000e+01,4.061999999999997613e+01,4.796900000000000119e+01,2.030999999999998806e+00
3.490000000000000000e+02,5.000000000000000000e+01,3.804000000000002046e+01,4.809799999999999898e+01,1.902000000000001023e+00
3.500000000000000000e+02,5.000000000000000000e+01,3.933999999999997499e+01,4.803300000000000125e+01,1.966999999999998749e+00
3.510000000000000000e+02,5.000000000000000000e+01,3.998000000000004661e+01,4.800099999999999767e+01,1.999000000000002331e+00
3.520000000000000000e+02,5.000000000000000000e+01,3.998000000000004661e+01,4.800099999999999767e+01,1.999000000000002331e+00
3.530000000000000000e+02,5.000000000000000000e+01,3.933999999999997499e+01,4.803300000000000125e+01,1.966999999999998749e+00
3.540000000000000000e+02,5.000000000000000000e+01,3.998000000000004661e+01,4.800099999999999767e+01,1.999000000000002331e+00
3.550000000000000000e+02,5.000000000000000000e+01,3.870000000000004547e+01,4.806499999999999773e+01,1.935000000000002274e+00
3.560000000000000000e+02,5.000000000000000000e+01,3.739999999999994884e+01,4.813000000000000256e+01,1.869999999999997442e+00
3.570000000000000000e+02,5.000000000000000000e+01,3.870000000000004547e+01,4.806499999999999773e+01,1.935000000000002274e+00
3.580000000000000000e+02,5.000000000000000000e+01,3.611999999999994770e+01,4.819400000000000261e+01,1.805999999999997385e+00
3.590000000000000000e+02,5.000000000000000000e+01,3.546000000000006480e+01,4.822699999999999676e+01,1.773000000000003240e+00
3.600000000000000000e+02,5.000000000000000000e+01,3.611999999999994770e+01,4.819400000000000261e+01,1.805999999999997385e+00
3.610000000000000000e+02,5.000000000000000000e+01,3.353999999999999204e+01,4.832300000000000040e+01,1.676999999999999602e+00
3.620000000000000000e+02,5.000000000000000000e+01,3.418000000000006366e+01,4.829099999999999682e+01,1.709000000000003183e+00
3.630000000000000000e+02,5.000000000000000000e+01,3.418000000000006366e+01,4.829099999999999682e+01,1.709000000000003183e+00
3.640000000000000000e+02,5.000000000000000000e+01,3.546000000000006480e+01,4.822699999999999676e+01,1.773000000000003240e+00
3.650000000000000000e+02,5.000000000000000000e+01,3.481999999999999318e+01,4.825900000000000034e+01,1.740999999999999659e+00
3.660000000000000000e+02,5.000000000000000000e+01,3.546000000000006480e+01,4.822699999999999676e+01,1.773000000000003240e+00
3.670000000000000000e+02,5.000000000000000000e+01,3.611999999999994770e+01,4.819400000000000261e+01,1.805999999999997385e+00
3.680000000000000000e+02,5.000000000000000000e+01,3.481999999999999318e+01,4.825900000000000034e+01,1.740999999999999659e+00
3.690000000000000000e+02,5.000000000000000000e+01,3.611999999999994770e+01,4.819400000000000261e+01,1.805999999999997385e+00
3.700000000000000000e+02,5.000000000000000000e+01,3.546000000000006480e+01,4.822699999999999676e+01,1.773000000000003240e+00
3.710000000000000000e+02,5.000000000000000000e+01,3.676000000000001933e+01,4.816199999999999903e+01,1.838000000000000966e+00
3.720000000000000000e+02,5.000000000000000000e+01,3.804000000000002046e+01,4.809799999999999898e+01,1.902000000000001023e+00
3.730000000000000000e+02,5.000000000000000000e+01,3.870000000000004547e+01,4.806499999999999773e+01,1.935000000000002274e+00
3.740000000000000000e+02,5.000000000000000000e+01,3.998000000000004661e+01,4.800099999999999767e+01,1.999000000000002331e+00
3.750000000000000000e+02,5.000000000000000000e+01,3.998000000000004661e+01,4.800099999999999767e+01,1.999000000000002331e+00
3.760000000000000000e+02,5.000000000000000000e+01,4.061999999999997613e+01,4.796900000000000119e+01,2.030999999999998806e+00
3.770000000000000000e+02,5.000000000000000000e+01,4.061999999999997613e+01,4.796900000000000119e+01,2.030999999999998806e+00
3.780000000000000000e+02,5.000000000000000000e+01,3.998000000000004661e+01,4.800099999999999767e+01,1.999000000000002331e+00
3.790000000000000000e+02,5.000000000000000000e+01,4.641999999999995907e+01,4.767900000000000205e+01,2.320999999999997954e+00
3.800000000000000000e+02,5.000000000000000000e+01,4.578000000000002956e+01,4.771099999999999852e+01,2.289000000000001478e+00
3.810000000000000000e+02,5.000000000000000000e+01,4.450000000000002842e+01,4.777499999999999858e+01,2.225000000000001421e+00
3.820000000000000000e+02,5.000000000000000000e+01,4.191999999999993065e+01,4.790400000000000347e+01,2.095999999999996533e+00
3.830000000000000000e+02,5.000000000000000000e+01,4.578000000000002956e+01,4.771099999999999852e+01,2.289000000000001478e+00
3.840000000000000000e+02,5.000000000000000000e+01,4.319999999999993179e+01,4.784000000000000341e+01,2.159999999999996589e+00
3.850000000000000000e+02,5.000000000000000000e+01,4.578000000000002956e+01,4.771099999999999852e+01,2.289000000000001478e+00
3.860000000000000000e+02,5.000000000000000000e+01,4.384000000000000341e+01,4.780799999999999983e+01,2.192000000000000171e+00
3.870000000000000000e+02,5.000000000000000000e+01,4.319999999999993179e+01,4.784000000000000341e+01,2.159999999999996589e+00
3.880000000000000000e+02,5.000000000000000000e+01,4.578000000000002956e+01,4.771099999999999852e+01,2.289000000000001478e+00
3.890000000000000000e+02,5.000000000000000000e+01,4.641999999999995907e+01,4.767900000000000205e+01,2.320999999999997954e+00
3.900000000000000000e+02,5.000000000000000000e+01,4.641999999999995907e+01,4.767900000000000205e+01,2.320999999999997954e+00
3.910000000000000000e+02,5.000000000000000000e+01,4.641999999999995907e+01,4.767900000000000205e+01,2.320999999999997954e+00
3.920000000000000000e+02,5.000000000000000000e+01,4.578000000000002956e+01,4.771099999999999852e+01,2.289000000000001478e+00
3.930000000000000000e+02,5.000000000000000000e+01,4.578000000000002956e+01,4.771099999999999852e+01,2.289000000000001478e+00
3.940000000000000000e+02,5.000000000000000000e+01,4.450000000000002842e+01,4.777499999999999858e+01,2.225000000000001421e+00
3.950000000000000000e+02,5.000000000000000000e+01,4.707999999999998408e+01,4.764600000000000080e+01,2.353999999999999204e+00
3.960000000000000000e+02,5.000000000000000000e+01,4.513999999999995794e+01,4.774300000000000210e+01,2.256999999999997897e+00
3.970000000000000000e+02,5.000000000000000000e+01,4.578000000000002956e+01,4.771099999999999852e+01,2.289000000000001478e+00
3.980000000000000000e+02,5.000000000000000000e+01,4.641999999999995907e+01,4.767900000000000205e+01,2.320999999999997954e+00
3.990000000000000000e+02,5.000000000000000000e+01,4.707999999999998408e+01,4.764600000000000080e+01,2.353999999999999204e+00
4.000000000000000000e+02,5.000000000000000000e+01,4.641999999999995907e+01,4.767900000000000205e+01,2.320999999999997954e+00
4.010000000000000000e+02,5.000000000000000000e+01,4.707999999999998408e+01,4.764600000000000080e+01,2.353999999999999204e+00
4.020000000000000000e+02,5.000000000000000000e+01,4.513999999999995794e+01,4.774300000000000210e+01,2.256999999999997897e+00
4.030000000000000000e+02,5.000000000000000000e+01,4.450000000000002842e+01,4.777499999999999858e+01,2.225000000000001421e+00
4.040000000000000000e+02,5.000000000000000000e+01,4.578000000000002956e+01,4.771099999999999852e+01,2.289000000000001478e+00
4.050000000000000000e+02,5.000000000000000000e+01,4.707999999999998408e+01,4.764600000000000080e+01,2.353999999999999204e+00
4.060000000000000000e+02,5.000000000000000000e+01,4.835999999999998522e+01,4.758200000000000074e+01,2.417999999999999261e+00
4.070000000000000000e+02,5.000000000000000000e+01,4.641999999999995907e+01,4.767900000000000205e+01,2.320999999999997954e+00
4.080000000000000000e+02,5.000000000000000000e+01,4.707999999999998408e+01,4.764600000000000080e+01,2.353999999999999204e+00
4.090000000000000000e+02,5.000000000000000000e+01,4.578000000000002956e+01,4.771099999999999852e+01,2.289000000000001478e+00
4.100000000000000000e+02,5.000000000000000000e+01,4.578000000000002956e+01,4.771099999999999852e+01,2.289000000000001478e+00
4.110000000000000000e+02,5.000000000000000000e+01,4.707999999999998408e+01,4.764600000000000080e+01,2.353999999999999204e+00
4.120000000000000000e+02,5.000000000000000000e+01,4.578000000000002956e+01,4.771099999999999852e+01,2.289000000000001478e+00
4.130000000000000000e+02,5.000000000000000000e+01,4.578000000000002956e+01,4.771099999999999852e+01,2.289000000000001478e+00
4.140000000000000000e+02,5.000000000000000000e+01,4.641999999999995907e+01,4.767900000000000205e+01,2.320999999999997954e+00
4.150000000000000000e+02,5.000000000000000000e+01,4.707999999999998408e+01,4.764600000000000080e+01,2.353999999999999204e+00
4.160000000000000000e+02,5.000000000000000000e+01,4.513999999999995794e+01,4.774300000000000210e+01,2.256999999999997897e+00
4.170000000000000000e+02,5.000000000000000000e+01,4.578000000000002956e+01,4.771099999999999852e+01,2.289000000000001478e+00
4.180000000000000000e+02,5.000000000000000000e+01,4.641999999999995907e+01,4.767900000000000205e+01,2.320999999999997954e+00
4.190000000000000000e+02,5.000000000000000000e+01,4.513999999999995794e+01,4.774300000000000210e+01,2.256999999999997897e+00
4.200000000000000000e+02,5.000000000000000000e+01,4.513999999999995794e+01,4.774300000000000210e+01,2.256999999999997897e+00
4.210000000000000000e+02,5.000000000000000000e+01,4.450000000000002842e+01,4.777499999999999858e+01,2.225000000000001421e+00
4.220000000000000000e+02,5.000000000000000000e+01,4.641999999999995907e+01,4.767900000000000205e+01,2.320999999999997954e+00
4.230000000000000000e+02,5.000000000000000000e+01,4.707999999999998408e+01,4.764600000000000080e+01,2.353999999999999204e+00
4.240000000000000000e+02,5.000000000000000000e+01,4.707999999999998408e+01,4.764600000000000080e+01,2.353999999999999204e+00
4.250000000000000000e+02,5.000000000000000000e+01,4.641999999999995907e+01,4.767900000000000205e+01,2.320999999999997954e+00
4.260000000000000000e+02,5.000000000000000000e+01,4.707999999999998408e+01,4.764600000000000080e+01,2.353999999999999204e+00
4.270000000000000000e+02,5.000000000000000000e+01,4.772000000000005571e+01,4.761399999999999721e+01,2.386000000000002785e+00
4.280000000000000000e+02,5.000000000000000000e+01,4.772000000000005571e+01,4.761399999999999721e+01,2.386000000000002785e+00
4.290000000000000000e+02,5.000000000000000000e+01,4.707999999999998408e+01,4.764600000000000080e+01,2.353999999999999204e+00
4.300000000000000000e+02,5.000000000000000000e+01,4.641999999999995907e+01,4.767900000000000205e+01,2.320999999999997954e+00
4.310000000000000000e+02,5.000000000000000000e+01,4.707999999999998408e+01,4.764600000000000080e+01,2.353999999999999204e+00
4.320000000000000000e+02,5.000000000000000000e+01,4.835999999999998522e+01,4.758200000000000074e+01,2.417999999999999261e+00
4.330000000000000000e+02,5.000000000000000000e+01,4.772000000000005571e+01,4.761399999999999721e+01,2.386000000000002785e+00
4.340000000000000000e+02,5.000000000000000000e+01,5.093999999999994088e+01,4.745300000000000296e+01,2.546999999999997044e+00
4.350000000000000000e+02,5.000000000000000000e+01,4.900000000000005684e+01,4.754999999999999716e+01,2.450000000000002842e+00
4.360000000000000000e+02,5.000000000000000000e+01,4.707999999999998408e+01,4.764600000000000080e+01,2.353999999999999204e+00
4.370000000000000000e+02,5.000000000000000000e+01,4.835999999999998522e+01,4.758200000000000074e+01,2.417999999999999261e+00
4.380000000000000000e+02,5.000000000000000000e+01,4.772000000000005571e+01,4.761399999999999721e+01,2.386000000000002785e+00
4.390000000000000000e+02,5.000000000000000000e+01,4.772000000000005571e+01,4.761399999999999721e+01,2.386000000000002785e+00
4.400000000000000000e+02,5.000000000000000000e+01,4.772000000000005571e+01,4.761399999999999721e+01,2.386000000000002785e+00
4.410000000000000000e+02,5.000000000000000000e+01,4.900000000000005684e+01,4.754999999999999716e+01,2.450000000000002842e+00
4.420000000000000000e+02,5.000000000000000000e+01,4.900000000000005684e+01,4.754999999999999716e+01,2.450000000000002842e+00
4.430000000000000000e+02,5.000000000000000000e+01,4.772000000000005571e+01,4.761399999999999721e+01,2.386000000000002785e+00
4.440000000000000000e+02,5.000000000000000000e+01,4.835999999999998522e+01,4.758200000000000074e+01,2.417999999999999261e+00
4.450000000000000000e+02,5.000000000000000000e+01,4.835999999999998522e+01,4.758200000000000074e+01,2.417999999999999261e+00
4.460000000000000000e+02,5.000000000000000000e+01,4.772000000000005571e+01,4.761399999999999721e+01,2.386000000000002785e+00
4.470000000000000000e+02,5.000000000000000000e+01,4.772000000000005571e+01,4.761399999999999721e+01,2.386000000000002785e+00
4.480000000000000000e+02,5.000000000000000000e+01,4.707999999999998408e+01,4.764600000000000080e+01,2.353999999999999204e+00
4.490000000000000000e+02,5.000000000000000000e+01,4.900000000000005684e+01,4.754999999999999716e+01,2.450000000000002842e+00
4.500000000000000000e+02,5.000000000000000000e+01,4.900000000000005684e+01,4.754999999999999716e+01,2.450000000000002842e+00
4.510000000000000000e+02,5.000000000000000000e+01,4.835999999999998522e+01,4.758200000000000074e+01,2.417999999999999261e+00
4.520000000000000000e+02,5.000000000000000000e+01,4.707999999999998408e+01,4.764600000000000080e+01,2.353999999999999204e+00
4.530000000000000000e+02,5.000000000000000000e+01,4.963999999999998636e+01,4.751800000000000068e+01,2.481999999999999318e+00
4.540000000000000000e+02,5.000000000000000000e+01,4.835999999999998522e+01,4.758200000000000074e+01,2.417999999999999261e+00
4.550000000000000000e+02,5.000000000000000000e+01,4.835999999999998522e+01,4.758200000000000074e+01,2.417999999999999261e+00
4.560000000000000000e+02,5.000000000000000000e+01,4.641999999999995907e+01,4.767900000000000205e+01,2.320999999999997954e+00
4.570000000000000000e+02,5.000000000000000000e+01,4.578000000000002956e+01,4.771099999999999852e+01,2.289000000000001478e+00
4.580000000000000000e+02,5.000000000000000000e+01,4.450000000000002842e+01,4.777499999999999858e+01,2.225000000000001421e+00
4.590000000000000000e+02,5.000000000000000000e+01,4.450000000000002842e+01,4.777499999999999858e+01,2.225000000000001421e+00
4.600000000000000000e+02,5.000000000000000000e+01,4.256000000000000227e+01,4.787199999999999989e+01,2.128000000000000114e+00
4.610000000000000000e+02,5.000000000000000000e+01,4.319999999999993179e+01,4.784000000000000341e+01,2.159999999999996589e+00
4.620000000000000000e+02,5.000000000000000000e+01,4.513999999999995794e+01,4.774300000000000210e+01,2.256999999999997897e+00
4.630000000000000000e+02,5.000000000000000000e+01,4.256000000000000227e+01,4.787199999999999989e+01,2.128000000000000114e+00
4.640000000000000000e+02,5.000000000000000000e+01,4.061999999999997613e+01,4.796900000000000119e+01,2.030999999999998806e+00
4.650000000000000000e+02,5.000000000000000000e+01,4.126000000000004775e+01,4.793699999999999761e+01,2.063000000000002387e+00
4.660000000000000000e+02,5.000000000000000000e+01,4.061999999999997613e+01,4.796900000000000119e+01,2.030999999999998806e+00
4.670000000000000000e+02,5.000000000000000000e+01,3.998000000000004661e+01,4.800099999999999767e+01,1.999000000000002331e+00
4.680000000000000000e+02,5.000000000000000000e+01,4.061999999999997613e+01,4.796900000000000119e+01,2.030999999999998806e+00
4.690000000000000000e+02,5.000000000000000000e+01,3.998000000000004661e+01,4.800099999999999767e+01,1.999000000000002331e+00
4.700000000000000000e+02,5.000000000000000000e+01,3.933999999999997499e+01,4.803300000000000125e+01,1.966999999999998749e+00
4.710000000000000000e+02,5.000000000000000000e+01,4.061999999999997613e+01,4.796900000000000119e+01,2.030999999999998806e+00
4.720000000000000000e+02,5.000000000000000000e+01,3.933999999999997499e+01,4.803300000000000125e+01,1.966999999999998749e+00
4.730000000000000000e+02,5.000000000000000000e+01,3.933999999999997499e+01,4.803300000000000125e+01,1.966999999999998749e+00
4.740000000000000000e+02,5.000000000000000000e+01,3.804000000000002046e+01,4.809799999999999898e+01,1.902000000000001023e+00
4.750000000000000000e+02,5.000000000000000000e+01,4.061999999999997613e+01,4.796900000000000119e+01,2.030999999999998806e+00
4.760000000000000000e+02,5.000000000000000000e+01,3.998000000000004661e+01,4.800099999999999767e+01,1.999000000000002331e+00
4.770000000000000000e+02,5.000000000000000000e+01,4.126000000000004775e+01,4.793699999999999761e+01,2.063000000000002387e+00
4.780000000000000000e+02,5.000000000000000000e+01,4.061999999999997613e+01,4.796900000000000119e+01,2.030999999999998806e+00
4.790000000000000000e+02,5.000000000000000000e+01,4.061999999999997613e+01,4.796900000000000119e+01,2.030999999999998806e+00
4.800000000000000000e+02,5.000000000000000000e+01,4.061999999999997613e+01,4.796900000000000119e+01,2.030999999999998806e+00
4.810000000000000000e+02,5.000000000000000000e+01,4.061999999999997613e+01,4.796900000000000119e+01,2.030999999999998806e+00
4.820000000000000000e+02,5.000000000000000000e+01,4.256000000000000227e+01,4.787199999999999989e+01,2.128000000000000114e+00
4.830000000000000000e+02,5.000000000000000000e+01,4.191999999999993065e+01,4.790400000000000347e+01,2.095999999999996533e+00
4.840000000000000000e+02,5.000000000000000000e+01,4.126000000000004775e+01,4.793699999999999761e+01,2.063000000000002387e+00
4.850000000000000000e+02,5.000000000000000000e+01,3.998000000000004661e+01,4.800099999999999767e+01,1.999000000000002331e+00
4.860000000000000000e+02,5.000000000000000000e+01,3.998000000000004661e+01,4.800099999999999767e+01,1.999000000000002331e+00
4.870000000000000000e+02,5.000000000000000000e+01,4.191999999999993065e+01,4.790400000000000347e+01,2.095999999999996533e+00
4.880000000000000000e+02,5.000000000000000000e+01,4.126000000000004775e+01,4.793699999999999761e+01,2.063000000000002387e+00
4.890000000000000000e+02,5.000000000000000000e+01,4.191999999999993065e+01,4.790400000000000347e+01,2.095999999999996533e+00
4.900000000000000000e+02,5.000000000000000000e+01,4.061999999999997613e+01,4.796900000000000119e+01,2.030999999999998806e+00
4.910000000000000000e+02,5.000000000000000000e+01,4.061999999999997613e+01,4.796900000000000119e+01,2.030999999999998806e+00
4.920000000000000000e+02,5.000000000000000000e+01,3.998000000000004661e+01,4.800099999999999767e+01,1.999000000000002331e+00
4.930000000000000000e+02,5.000000000000000000e+01,3.998000000000004661e+01,4.800099999999999767e+01,1.999000000000002331e+00
4.940000000000000000e+02,5.000000000000000000e+01,3.998000000000004661e+01,4.800099999999999767e+01,1.999000000000002331e+00
4.950000000000000000e+02,5.000000000000000000e+01,4.256000000000000227e+01,4.787199999999999989e+01,2.128000000000000114e+00
4.960000000000000000e+02,5.000000000000000000e+01,4.319999999999993179e+01,4.784000000000000341e+01,2.159999999999996589e+00
4.970000000000000000e+02,5.000000000000000000e+01,4.513999999999995794e+01,4.774300000000000210e+01,2.256999999999997897e+00
4.980000000000000000e+02,5.000000000000000000e+01,4.319999999999993179e+01,4.784000000000000341e+01,2.159999999999996589e+00
4.990000000000000000e+02,5.000000000000000000e+01,4.319999999999993179e+01,4.784000000000000341e+01,2.159999999999996589e+00
5.000000000000000000e+02,5.000000000000000000e+01,4.191999999999993065e+01,4.790400000000000347e+01,2.095999999999996533e+00
5.010000000000000000e+02,5.000000000000000000e+01,4.319999999999993179e+01,4.784000000000000341e+01,2.159999999999996589e+00
5.020000000000000000e+02,5.000000000000000000e+01,4.191999999999993065e+01,4.790400000000000347e+01,2.095999999999996533e+00
5.030000000000000000e+02,5.000000000000000000e+01,4.256000000000000227e+01,4.787199999999999989e+01,2.128000000000000114e+00
5.040000000000000000e+02,5.000000000000000000e+01,4.126000000000004775e+01,4.793699999999999761e+01,2.063000000000002387e+00
5.050000000000000000e+02,5.000000000000000000e+01,3.998000000000004661e+01,4.800099999999999767e+01,1.999000000000002331e+00
5.060000000000000000e+02,5.000000000000000000e+01,4.061999999999997613e+01,4.796900000000000119e+01,2.030999999999998806e+00
5.070000000000000000e+02,5.000000000000000000e+01,4.319999999999993179e+01,4.784000000000000341e+01,2.159999999999996589e+00
5.080000000000000000e+02,5.000000000000000000e+01,4.319999999999993179e+01,4.784000000000000341e+01,2.159999999999996589e+00
5.090000000000000000e+02,5.000000000000000000e+01,4.384000000000000341e+01,4.780799999999999983e+01,2.192000000000000171e+00
5.100000000000000000e+02,5.000000000000000000e+01,4.191999999999993065e+01,4.790400000000000347e+01,2.095999999999996533e+00
5.110000000000000000e+02,5.000000000000000000e+01,4.256000000000000227e+01,4.787199999999999989e+01,2.128000000000000114e+00
5.120000000000000000e+02,5.000000000000000000e+01,4.384000000000000341e+01,4.780799999999999983e+01,2.192000000000000171e+00
5.130000000000000000e+02,5.000000000000000000e+01,4.256000000000000227e+01,4.787199999999999989e+01,2.128000000000000114e+00
5.140000000000000000e+02,5.000000000000000000e+01,4.513999999999995794e+01,4.774300000000000210e+01,2.256999999999997897e+00
5.150000000000000000e+02,5.000000000000000000e+01,4.641999999999995907e+01,4.767900000000000205e+01,2.320999999999997954e+00
5.160000000000000000e+02,5.000000000000000000e+01,4.578000000000002956e+01,4.771099999999999852e+01,2.289000000000001478e+00
5.170000000000000000e+02,5.000000000000000000e+01,4.319999999999993179e+01,4.784000000000000341e+01,2.159999999999996589e+00
5.180000000000000000e+02,5.000000000000000000e+01,4.513999999999995794e+01,4.774300000000000210e+01,2.256999999999997897e+00
5.190000000000000000e+02,5.000000000000000000e+01,4.513999999999995794e+01,4.774300000000000210e+01,2.256999999999997897e+00
5.200000000000000000e+02,5.000000000000000000e+01,4.513999999999995794e+01,4.774300000000000210e+01,2.256999999999997897e+00
5.210000000000000000e+02,5.000000000000000000e+01,4.450000000000002842e+01,4.777499999999999858e+01,2.225000000000001421e+00
5.220000000000000000e+02,5.000000000000000000e+01,4.319999999999993179e+01,4.784000000000000341e+01,2.159999999999996589e+00
5.230000000000000000e+02,5.000000000000000000e+01,4.384000000000000341e+01,4.780799999999999983e+01,2.192000000000000171e+00
5.240000000000000000e+02,5.000000000000000000e+01,4.450000000000002842e+01,4.777499999999999858e+01,2.225000000000001421e+00
5.250000000000000000e+02,5.000000000000000000e+01,4.384000000000000341e+01,4.780799999999999983e+01,2.192000000000000171e+00
5.260000000000000000e+02,5.000000000000000000e+01,4.578000000000002956e+01,4.771099999999999852e+01,2.289000000000001478e+00
5.270000000000000000e+02,5.000000000000000000e+01,4.772000000000005571e+01,4.761399999999999721e+01,2.386000000000002785e+00
5.280000000000000000e+02,5.000000000000000000e+01,4.900000000000005684e+01,4.754999999999999716e+01,2.450000000000002842e+00
5.290000000000000000e+02,5.000000000000000000e+01,4.707999999999998408e+01,4.764600000000000080e+01,2.353999999999999204e+00
5.300000000000000000e+02,5.000000000000000000e+01,4.772000000000005571e+01,4.761399999999999721e+01,2.386000000000002785e+00
5.310000000000000000e+02,5.000000000000000000e+01,4.835999999999998522e+01,4.758200000000000074e+01,2.417999999999999261e+00
5.320000000000000000e+02,5.000000000000000000e+01,4.707999999999998408e+01,4.764600000000000080e+01,2.353999999999999204e+00
5.330000000000000000e+02,5.000000000000000000e+01,4.707999999999998408e+01,4.764600000000000080e+01,2.353999999999999204e+00
5.340000000000000000e+02,5.000000000000000000e+01,4.772000000000005571e+01,4.761399999999999721e+01,2.386000000000002785e+00
5.350000000000000000e+02,5.000000000000000000e+01,4.641999999999995907e+01,4.767900000000000205e+01,2.320999999999997954e+00
5.360000000000000000e+02,5.000000000000000000e+01,4.707999999999998408e+01,4.764600000000000080e+01,2.353999999999999204e+00
5.370000000000000000e+02,5.000000000000000000e+01,4.707999999999998408e+01,4.764600000000000080e+01,2.353999999999999204e+00
5.380000000000000000e+02,5.000000000000000000e+01,4.513999999999995794e+01,4.774300000000000210e+01,2.256999999999997897e+00
5.390000000000000000e+02,5.000000000000000000e+01,4.450000000000002842e+01,4.777499999999999858e+01,2.225000000000001421e+00
5.400000000000000000e+02,5.000000000000000000e+01,4.578000000000002956e+01,4.771099999999999852e+01,2.289000000000001478e+00
5.410000000000000000e+02,5.000000000000000000e+01,4.578000000000002956e+01,4.771099999999999852e+01,2.289000000000001478e+00
5.420000000000000000e+02,5.000000000000000000e+01,4.450000000000002842e+01,4.777499999999999858e+01,2.225000000000001421e+00
5.430000000000000000e+02,5.000000000000000000e+01,4.513999999999995794e+01,4.774300000000000210e+01,2.256999999999997897e+00
5.440000000000000000e+02,5.000000000000000000e+01,4.319999999999993179e+01,4.784000000000000341e+01,2.159999999999996589e+00
5.450000000000000000e+02,5.000000000000000000e+01,4.578000000000002956e+01,4.771099999999999852e+01,2.289000000000001478e+00
5.460000000000000000e+02,5.000000000000000000e+01,4.513999999999995794e+01,4.774300000000000210e+01,2.256999999999997897e+00
5.470000000000000000e+02,5.000000000000000000e+01,4.450000000000002842e+01,4.777499999999999858e+01,2.225000000000001421e+00
5.480000000000000000e+02,5.000000000000000000e+01,4.319999999999993179e+01,4.784000000000000341e+01,2.159999999999996589e+00
5.490000000000000000e+02,5.000000000000000000e+01,4.450000000000002842e+01,4.777499999999999858e+01,2.225000000000001421e+00
5.500000000000000000e+02,5.000000000000000000e+01,4.450000000000002842e+01,4.777499999999999858e+01,2.225000000000001421e+00
5.510000000000000000e+02,5.000000000000000000e+01,4.450000000000002842e+01,4.777499999999999858e+01,2.225000000000001421e+00
5.520000000000000000e+02,5.000000000000000000e+01,4.450000000000002842e+01,4.777499999999999858e+01,2.225000000000001421e+00
5.530000000000000000e+02,5.000000000000000000e+01,4.061999999999997613e+01,4.796900000000000119e+01,2.030999999999998806e+00
5.540000000000000000e+02,5.000000000000000000e+01,4.450000000000002842e+01,4.777499999999999858e+01,2.225000000000001421e+00
5.550000000000000000e+02,5.000000000000000000e+01,4.450000000000002842e+01,4.777499999999999858e+01,2.225000000000001421e+00
5.560000000000000000e+02,5.000000000000000000e+01,4.450000000000002842e+01,4.777499999999999858e+01,2.225000000000001421e+00
5.570000000000000000e+02,5.000000000000000000e+01,4.256000000000000227e+01,4.787199999999999989e+01,2.128000000000000114e+00
5.580000000000000000e+02,5.000000000000000000e+01,4.384000000000000341e+01,4.780799999999999983e+01,2.192000000000000171e+00
5.590000000000000000e+02,5.000000000000000000e+01,4.191999999999993065e+01,4.790400000000000347e+01,2.095999999999996533e+00
5.600000000000000000e+02,5.000000000000000000e+01,4.513999999999995794e+01,4.774300000000000210e+01,2.256999999999997897e+00
5.610000000000000000e+02,5.000000000000000000e+01,4.641999999999995907e+01,4.767900000000000205e+01,2.320999999999997954e+00
5.620000000000000000e+02,5.000000000000000000e+01,4.450000000000002842e+01,4.777499999999999858e+01,2.225000000000001421e+00
5.630000000000000000e+02,5.000000000000000000e+01,4.513999999999995794e+01,4.774300000000000210e+01,2.256999999999997897e+00
5.640000000000000000e+02,5.000000000000000000e+01,4.384000000000000341e+01,4.780799999999999983e+01,2.192000000000000171e+00
5.650000000000000000e+02,5.000000000000000000e+01,4.191999999999993065e+01,4.790400000000000347e+01,2.095999999999996533e+00
5.660000000000000000e+02,5.000000000000000000e+01,4.126000000000004775e+01,4.793699999999999761e+01,2.063000000000002387e+00
5.670000000000000000e+02,5.000000000000000000e+01,4.191999999999993065e+01,4.790400000000000347e+01,2.095999999999996533e+00
5.680000000000000000e+02,5.000000000000000000e+01,3.998000000000004661e+01,4.800099999999999767e+01,1.999000000000002331e+00
5.690000000000000000e+02,5.000000000000000000e+01,4.061999999999997613e+01,4.796900000000000119e+01,2.030999999999998806e+00
5.700000000000000000e+02,5.000000000000000000e+01,3.998000000000004661e+01,4.800099999999999767e+01,1.999000000000002331e+00
5.710000000000000000e+02,5.000000000000000000e+01,3.998000000000004661e+01,4.800099999999999767e+01,1.999000000000002331e+00
5.720000000000000000e+02,5.000000000000000000e+01,3.933999999999997499e+01,4.803300000000000125e+01,1.966999999999998749e+00
5.730000000000000000e+02,5.000000000000000000e+01,3.998000000000004661e+01,4.800099999999999767e+01,1.999000000000002331e+00
5.740000000000000000e+02,5.000000000000000000e+01,3.870000000000004547e+01,4.806499999999999773e+01,1.935000000000002274e+00
5.750000000000000000e+02,5.000000000000000000e+01,3.933999999999997499e+01,4.803300000000000125e+01,1.966999999999998749e+00
5.760000000000000000e+02,5.000000000000000000e+01,3.998000000000004661e+01,4.800099999999999767e+01,1.999000000000002331e+00
5.770000000000000000e+02,5.000000000000000000e+01,4.061999999999997613e+01,4.796900000000000119e+01,2.030999999999998806e+00
5.780000000000000000e+02,5.000000000000000000e+01,4.061999999999997613e+01,4.796900000000000119e+01,2.030999999999998806e+00
5.790000000000000000e+02,5.000000000000000000e+01,4.061999999999997613e+01,4.796900000000000119e+01,2.030999999999998806e+00
5.800000000000000000e+02,5.000000000000000000e+01,4.061999999999997613e+01,4.796900000000000119e+01,2.030999999999998806e+00
5.810000000000000000e+02,5.000000000000000000e+01,3.933999999999997499e+01,4.803300000000000125e+01,1.966999999999998749e+00
5.820000000000000000e+02,5.000000000000000000e+01,3.998000000000004661e+01,4.800099999999999767e+01,1.999000000000002331e+00
5.830000000000000000e+02,5.000000000000000000e+01,3.933999999999997499e+01,4.803300000000000125e+01,1.966999999999998749e+00
5.840000000000000000e+02,5.000000000000000000e+01,3.804000000000002046e+01,4.809799999999999898e+01,1.902000000000001023e+00
5.850000000000000000e+02,5.000000000000000000e+01,3.611999999999994770e+01,4.819400000000000261e+01,1.805999999999997385e+00
5.860000000000000000e+02,5.000000000000000000e+01,3.676000000000001933e+01,4.816199999999999903e+01,1.838000000000000966e+00
5.870000000000000000e+02,5.000000000000000000e+01,3.676000000000001933e+01,4.816199999999999903e+01,1.838000000000000966e+00
5.880000000000000000e+02,5.000000000000000000e+01,3.676000000000001933e+01,4.816199999999999903e+01,1.838000000000000966e+00
5.890000000000000000e+02,5.000000000000000000e+01,3.481999999999999318e+01,4.825900000000000034e+01,1.740999999999999659e+00
5.900000000000000000e+02,5.000000000000000000e+01,3.611999999999994770e+01,4.819400000000000261e+01,1.805999999999997385e+00
5.910000000000000000e+02,5.000000000000000000e+01,3.739999999999994884e+01,4.813000000000000256e+01,1.869999999999997442e+00
5.920000000000000000e+02,5.000000000000000000e+01,3.739999999999994884e+01,4.813000000000000256e+01,1.869999999999997442e+00
5.930000000000000000e+02,5.000000000000000000e+01,3.546000000000006480e+01,4.822699999999999676e+01,1.773000000000003240e+00
5.940000000000000000e+02,5.000000000000000000e+01,3.611999999999994770e+01,4.819400000000000261e+01,1.805999999999997385e+00
5.950000000000000000e+02,5.000000000000000000e+01,3.546000000000006480e+01,4.822699999999999676e+01,1.773000000000003240e+00
5.960000000000000000e+02,5.000000000000000000e+01,3.546000000000006480e+01,4.822699999999999676e+01,1.773000000000003240e+00
5.970000000000000000e+02,5.000000000000000000e+01,3.676000000000001933e+01,4.816199999999999903e+01,1.838000000000000966e+00
5.980000000000000000e+02,5.000000000000000000e+01,3.676000000000001933e+01,4.816199999999999903e+01,1.838000000000000966e+00
5.990000000000000000e+02,5.000000000000000000e+01,3.611999999999994770e+01,4.819400000000000261e+01,1.805999999999997385e+00
6.000000000000000000e+02,5.000000000000000000e+01,3.933999999999997499e+01,4.803300000000000125e+01,1.966999999999998749e+00
