t,Tref,u,T1,e
0.000000000000000000e+00,5.000000000000000000e+01,1.000000000000000000e+02,2.112399999999999878e+01,2.887600000000000122e+01
1.000000000000000000e+00,5.000000000000000000e+01,1.000000000000000000e+02,2.118799999999999883e+01,2.881200000000000117e+01
2.000000000000000000e+00,5.000000000000000000e+01,1.000000000000000000e+02,2.118799999999999883e+01,2.881200000000000117e+01
3.000000000000000000e+00,5.000000000000000000e+01,1.000000000000000000e+02,2.122100000000000009e+01,2.877899999999999991e+01
4.000000000000000000e+00,5.000000000000000000e+01,1.000000000000000000e+02,2.122100000000000009e+01,2.877899999999999991e+01
5.000000000000000000e+00,5.000000000000000000e+01,1.000000000000000000e+02,2.125300000000000011e+01,2.874699999999999989e+01
6.000000000000000000e+00,5.000000000000000000e+01,1.000000000000000000e+02,2.125300000000000011e+01,2.874699999999999989e+01
7.000000000000000000e+00,5.000000000000000000e+01,1.000000000000000000e+02,2.125300000000000011e+01,2.874699999999999989e+01
8.000000000000000000e+00,5.000000000000000000e+01,1.000000000000000000e+02,2.135000000000000142e+01,2.864999999999999858e+01
9.000000000000000000e+00,5.000000000000000000e+01,1.000000000000000000e+02,2.141400000000000148e+01,2.858599999999999852e+01
1.000000000000000000e+01,5.000000000000000000e+01,1.000000000000000000e+02,2.151099999999999923e+01,2.848900000000000077e+01
1.100000000000000000e+01,5.000000000000000000e+01,1.000000000000000000e+02,2.154299999999999926e+01,2.845700000000000074e+01
1.200000000000000000e+01,5.000000000000000000e+01,1.000000000000000000e+02,2.154299999999999926e+01,2.845700000000000074e+01
1.300000000000000000e+01,5.000000000000000000e+01,1.000000000000000000e+02,2.160699999999999932e+01,2.839300000000000068e+01
1.400000000000000000e+01,5.000000000000000000e+01,1.000000000000000000e+02,2.170400000000000063e+01,2.829599999999999937e+01
1.500000000000000000e+01,5.000000000000000000e+01,1.000000000000000000e+02,2.180099999999999838e+01,2.819900000000000162e+01
1.600000000000000000e+01,5.000000000000000000e+01,1.000000000000000000e+02,2.192999999999999972e+01,2.807000000000000028e+01
1.700000000000000000e+01,5.000000000000000000e+01,1.000000000000000000e+02,2.205900000000000105e+01,2.794099999999999895e+01
1.800000000000000000e+01,5.000000000000000000e+01,1.000000000000000000e+02,2.212300000000000111e+01,2.787699999999999889e+01
1.900000000000000000e+01,5.000000000000000000e+01,1.000000000000000000e+02,2.225199999999999889e+01,2.774800000000000111e+01
2.000000000000000000e+01,5.000000000000000000e+01,1.000000000000000000e+02,2.247800000000000153e+01,2.752199999999999847e+01
2.100000000000000000e+01,5.000000000000000000e+01,1.000000000000000000e+02,2.251000000000000156e+01,2.748999999999999844e+01
2.200000000000000000e+01,5.000000000000000000e+01,1.000000000000000000e+02,2.260600000000000165e+01,2.739399999999999835e+01
2.300000000000000000e+01,5.000000000000000000e+01,1.000000000000000000e+02,2.283200000000000074e+01,2.716799999999999926e+01
2.400000000000000000e+01,5.000000000000000000e+01,1.000000000000000000e+02,2.308999999999999986e+01,2.691000000000000014e+01
2.500000000000000000e+01,5.000000000000000000e+01,1.000000000000000000e+02,2.321900000000000119e+01,2.678099999999999881e+01
2.600000000000000000e+01,5.000000000000000000e+01,1.000000000000000000e+02,2.337999999999999901e+01,2.662000000000000099e+01
2.700000000000000000e+01,5.000000000000000000e+01,1.000000000000000000e+02,2.347700000000000031e+01,2.652299999999999969e+01
2.800000000000000000e+01,5.000000000000000000e+01,1.000000000000000000e+02,2.379899999999999949e+01,2.620100000000000051e+01
2.900000000000000000e+01,5.000000000000000000e+01,1.000000000000000000e+02,2.399200000000000088e+01,2.600799999999999912e+01
3.000000000000000000e+01,5.000000000000000000e+01,1.000000000000000000e+02,2.415299999999999869e+01,2.584700000000000131e+01
3.100000000000000000e+01,5.000000000000000000e+01,1.000000000000000000e+02,2.437900000000000134e+01,2.562099999999999866e+01
3.200000000000000000e+01,5.000000000000000000e+01,1.000000000000000000e+02,2.444300000000000139e+01,2.555699999999999861e+01
3.300000000000000000e+01,5.000000000000000000e+01,1.000000000000000000e+02,2.476599999999999824e+01,2.523400000000000176e+01
3.400000000000000000e+01,5.000000000000000000e+01,1.000000000000000000e+02,2.505600000000000094e+01,2.494399999999999906e+01
3.500000000000000000e+01,5.000000000000000000e+01,1.000000000000000000e+02,2.512000000000000099e+01,2.487999999999999901e+01
3.600000000000000000e+01,5.000000000000000000e+01,1.000000000000000000e+02,2.541000000000000014e+01,2.458999999999999986e+01
3.700000000000000000e+01,5.000000000000000000e+01,1.000000000000000000e+02,2.573199999999999932e+01,2.426800000000000068e+01
3.800000000000000000e+01,5.000000000000000000e+01,1.000000000000000000e+02,2.595799999999999841e+01,2.404200000000000159e+01
3.900000000000000000e+01,5.000000000000000000e+01,1.000000000000000000e+02,2.611899999999999977e+01,2.388100000000000023e+01
4.000000000000000000e+01,5.000000000000000000e+01,1.000000000000000000e+02,2.637699999999999889e+01,2.362300000000000111e+01
4.100000000000000000e+01,5.000000000000000000e+01,1.000000000000000000e+02,2.666700000000000159e+01,2.333299999999999841e+01
4.200000000000000000e+01,5.000000000000000000e+01,1.000000000000000000e+02,2.695700000000000074e+01,2.304299999999999926e+01
4.300000000000000000e+01,5.000000000000000000e+01,1.000000000000000000e+02,2.708599999999999852e+01,2.291400000000000148e+01
4.400000000000000000e+01,5.000000000000000000e+01,1.000000000000000000e+02,2.734400000000000119e+01,2.265599999999999881e+01
4.500000000000000000e+01,5.000000000000000000e+01,1.000000000000000000e+02,2.760200000000000031e+01,2.239799999999999969e+01
4.600000000000000000e+01,5.000000000000000000e+01,1.000000000000000000e+02,2.789199999999999946e+01,2.210800000000000054e+01
4.700000000000000000e+01,5.000000000000000000e+01,1.000000000000000000e+02,2.818199999999999861e+01,2.181800000000000139e+01
4.800000000000000000e+01,5.000000000000000000e+01,1.000000000000000000e+02,2.837500000000000000e+01,2.162500000000000000e+01
4.900000000000000000e+01,5.000000000000000000e+01,1.000000000000000000e+02,2.860099999999999909e+01,2.139900000000000091e+01
5.000000000000000000e+01,5.000000000000000000e+01,1.000000000000000000e+02,2.895499999999999829e+01,2.104500000000000171e+01
5.100000000000000000e+01,5.000000000000000000e+01,1.000000000000000000e+02,2.918100000000000094e+01,2.081899999999999906e+01
5.200000000000000000e+01,5.000000000000000000e+01,1.000000000000000000e+02,2.947100000000000009e+01,2.052899999999999991e+01
5.300000000000000000e+01,5.000000000000000000e+01,1.000000000000000000e+02,2.979299999999999926e+01,2.020700000000000074e+01
5.400000000000000000e+01,5.000000000000000000e+01,1.000000000000000000e+02,3.014699999999999847e+01,1.985300000000000153e+01
5.500000000000000000e+01,5.000000000000000000e+01,1.000000000000000000e+02,3.040500000000000114e+01,1.959499999999999886e+01
5.600000000000000000e+01,5.000000000000000000e+01,1.000000000000000000e+02,3.066300000000000026e+01,1.933699999999999974e+01
5.700000000000000000e+01,5.000000000000000000e+01,1.000000000000000000e+02,3.095299999999999940e+01,1.904700000000000060e+01
5.800000000000000000e+01,5.000000000000000000e+01,1.000000000000000000e+02,3.121099999999999852e+01,1.878900000000000148e+01
5.900000000000000000e+01,5.000000000000000000e+01,1.000000000000000000e+02,3.153300000000000125e+01,1.846699999999999875e+01
6.000000000000000000e+01,5.000000000000000000e+01,1.000000000000000000e+02,3.182300000000000040e+01,1.817699999999999960e+01
6.100000000000000000e+01,5.000000000000000000e+01,1.000000000000000000e+02,3.211299999999999955e+01,1.788700000000000045e+01
6.200000000000000000e+01,5.000000000000000000e+01,1.000000000000000000e+02,3.240299999999999869e+01,1.759700000000000131e+01
6.300000000000000000e+01,5.000000000000000000e+01,1.000000000000000000e+02,3.269299999999999784e+01,1.730700000000000216e+01
6.400000000000000000e+01,5.000000000000000000e+01,1.000000000000000000e+02,3.291899999999999693e+01,1.708100000000000307e+01
6.500000000000000000e+01,5.000000000000000000e+01,1.000000000000000000e+02,3.314500000000000313e+01,1.685499999999999687e+01
6.600000000000000000e+01,5.000000000000000000e+01,1.000000000000000000e+02,3.353099999999999881e+01,1.646900000000000119e+01
6.700000000000000000e+01,5.000000000000000000e+01,1.000000000000000000e+02,3.378900000000000148e+01,1.621099999999999852e+01
6.800000000000000000e+01,5.000000000000000000e+01,1.000000000000000000e+02,3.411099999999999710e+01,1.588900000000000290e+01
6.900000000000000000e+01,5.000000000000000000e+01,1.000000000000000000e+02,3.443399999999999750e+01,1.556600000000000250e+01
7.000000000000000000e+01,5.000000000000000000e+01,1.000000000000000000e+02,3.469100000000000250e+01,1.530899999999999750e+01
7.100000000000000000e+01,5.000000000000000000e+01,1.000000000000000000e+02,3.494899999999999807e+01,1.505100000000000193e+01
7.200000000000000000e+01,5.000000000000000000e+01,1.000000000000000000e+02,3.530400000000000205e+01,1.469599999999999795e+01
7.300000000000000000e+01,5.000000000000000000e+01,1.000000000000000000e+02,3.562599999999999767e+01,1.437400000000000233e+01
7.400000000000000000e+01,5.000000000000000000e+01,1.000000000000000000e+02,3.585199999999999676e+01,1.414800000000000324e+01
7.500000000000000000e+01,5.000000000000000000e+01,1.000000000000000000e+02,3.610900000000000176e+01,1.389099999999999824e+01
7.600000000000000000e+01,5.000000000000000000e+01,1.000000000000000000e+02,3.636699999999999733e+01,1.363300000000000267e+01
7.700000000000000000e+01,5.000000000000000000e+01,1.000000000000000000e+02,3.672200000000000131e+01,1.327799999999999869e+01
7.800000000000000000e+01,5.000000000000000000e+01,1.000000000000000000e+02,3.701200000000000045e+01,1.298799999999999955e+01
7.900000000000000000e+01,5.000000000000000000e+01,1.000000000000000000e+02,3.736599999999999966e+01,1.263400000000000034e+01
8.000000000000000000e+01,5.000000000000000000e+01,1.000000000000000000e+02,3.765599999999999881e+01,1.234400000000000119e+01
8.100000000000000000e+01,5.000000000000000000e+01,1.000000000000000000e+02,3.804299999999999926e+01,1.195700000000000074e+01
8.200000000000000000e+01,5.000000000000000000e+01,1.000000000000000000e+02,3.830100000000000193e+01,1.169899999999999807e+01
8.300000000000000000e+01,5.000000000000000000e+01,1.000000000000000000e+02,3.862299999999999756e+01,1.137700000000000244e+01
8.400000000000000000e+01,5.000000000000000000e+01,1.000000000000000000e+02,3.888100000000000023e+01,1.111899999999999977e+01
8.500000000000000000e+01,5.000000000000000000e+01,1.000000000000000000e+02,3.923499999999999943e+01,1.076500000000000057e+01
8.600000000000000000e+01,5.000000000000000000e+01,1.000000000000000000e+02,3.955799999999999983e+01,1.044200000000000017e+01
8.700000000000000000e+01,5.000000000000000000e+01,1.000000000000000000e+02,3.975099999999999767e+01,1.024900000000000233e+01
8.800000000000000000e+01,5.000000000000000000e+01,1.000000000000000000e+02,4.004099999999999682e+01,9.959000000000003183e+00
8.900000000000000000e+01,5.000000000000000000e+01,1.000000000000000000e+02,4.026700000000000301e+01,9.732999999999996987e+00
9.000000000000000000e+01,5.000000000000000000e+01,1.000000000000000000e+02,4.058899999999999864e+01,9.411000000000001364e+00
9.100000000000000000e+01,5.000000000000000000e+01,1.000000000000000000e+02,4.078199999999999648e+01,9.218000000000003524e+00
9.200000000000000000e+01,5.000000000000000000e+01,1.000000000000000000e+02,4.110399999999999920e+01,8.896000000000000796e+00
9.300000000000000000e+01,5.000000000000000000e+01,1.000000000000000000e+02,4.136200000000000188e+01,8.637999999999998124e+00
9.400000000000000000e+01,5.000000000000000000e+01,1.000000000000000000e+02,4.158800000000000097e+01,8.411999999999999034e+00
9.500000000000000000e+01,5.000000000000000000e+01,1.000000000000000000e+02,4.194200000000000017e+01,8.057999999999999829e+00
9.600000000000000000e+01,5.000000000000000000e+01,1.000000000000000000e+02,4.220000000000000284e+01,7.799999999999997158e+00
9.700000000000000000e+01,5.000000000000000000e+01,1.000000000000000000e+02,4.252199999999999847e+01,7.478000000000001535e+00
9.800000000000000000e+01,5.000000000000000000e+01,1.000000000000000000e+02,4.278000000000000114e+01,7.219999999999998863e+00
9.900000000000000000e+01,5.000000000000000000e+01,1.000000000000000000e+02,4.300600000000000023e+01,6.993999999999999773e+00
1.000000000000000000e+02,5.000000000000000000e+01,1.000000000000000000e+02,4.323100000000000165e+01,6.768999999999998352e+00
1.010000000000000000e+02,5.000000000000000000e+01,1.000000000000000000e+02,4.348899999999999721e+01,6.511000000000002785e+00
1.020000000000000000e+02,5.000000000000000000e+01,1.000000000000000000e+02,4.377900000000000347e+01,6.220999999999996533e+00
1.030000000000000000e+02,5.000000000000000000e+01,1.000000000000000000e+02,4.397299999999999898e+01,6.027000000000001023e+00
1.040000000000000000e+02,5.000000000000000000e+01,1.000000000000000000e+02,4.426299999999999812e+01,5.737000000000001876e+00
1.050000000000000000e+02,5.000000000000000000e+01,1.000000000000000000e+02,4.455299999999999727e+01,5.447000000000002728e+00
1.060000000000000000e+02,5.000000000000000000e+01,1.000000000000000000e+02,4.468200000000000216e+01,5.317999999999997840e+00
1.070000000000000000e+02,5.000000000000000000e+01,1.000000000000000000e+02,4.481099999999999994e+01,5.189000000000000057e+00
1.080000000000000000e+02,5.000000000000000000e+01,1.000000000000000000e+02,4.506799999999999784e+01,4.932000000000002160e+00
1.090000000000000000e+02,5.000000000000000000e+01,1.000000000000000000e+02,4.539099999999999824e+01,4.609000000000001762e+00
1.100000000000000000e+02,5.000000000000000000e+01,1.000000000000000000e+02,4.564800000000000324e+01,4.351999999999996760e+00
1.110000000000000000e+02,5.000000000000000000e+01,1.000000000000000000e+02,4.587400000000000233e+01,4.125999999999997669e+00
1.120000000000000000e+02,5.000000000000000000e+01,1.000000000000000000e+02,4.490699999999999648e+01,5.093000000000003524e+00
1.130000000000000000e+02,5.000000000000000000e+01,1.000000000000000000e+02,4.632500000000000284e+01,3.674999999999997158e+00
1.140000000000000000e+02,5.000000000000000000e+01,1.000000000000000000e+02,4.664699999999999847e+01,3.353000000000001535e+00
1.150000000000000000e+02,5.000000000000000000e+01,1.000000000000000000e+02,4.667999999999999972e+01,3.320000000000000284e+00
1.160000000000000000e+02,5.000000000000000000e+01,1.000000000000000000e+02,4.706600000000000250e+01,2.933999999999997499e+00
1.170000000000000000e+02,5.000000000000000000e+01,1.000000000000000000e+02,4.713100000000000023e+01,2.868999999999999773e+00
1.180000000000000000e+02,5.000000000000000000e+01,1.000000000000000000e+02,4.758200000000000074e+01,2.417999999999999261e+00
1.190000000000000000e+02,5.000000000000000000e+01,1.000000000000000000e+02,4.777499999999999858e+01,2.225000000000001421e+00
1.200000000000000000e+02,5.000000000000000000e+01,1.000000000000000000e+02,4.796900000000000119e+01,2.030999999999998806e+00
1.210000000000000000e+02,5.000000000000000000e+01,1.000000000000000000e+02,4.825900000000000034e+01,1.740999999999999659e+00
1.220000000000000000e+02,5.000000000000000000e+01,1.000000000000000000e+02,4.851700000000000301e+01,1.482999999999996987e+00
1.230000000000000000e+02,5.000000000000000000e+01,1.000000000000000000e+02,4.880700000000000216e+01,1.192999999999997840e+00
1.240000000000000000e+02,5.000000000000000000e+01,1.000000000000000000e+02,4.890299999999999869e+01,1.097000000000001307e+00
1.250000000000000000e+02,5.000000000000000000e+01,1.000000000000000000e+02,4.916100000000000136e+01,8.389999999999986358e-01
1.260000000000000000e+02,5.000000000000000000e+01,1.000000000000000000e+02,4.935399999999999920e+01,6.460000000000007958e-01
1.270000000000000000e+02,5.000000000000000000e+01,1.000000000000000000e+02,4.967699999999999960e+01,3.230000000000003979e-01
1.280000000000000000e+02,5.000000000000000000e+01,1.000000000000000000e+02,4.999900000000000233e+01,9.999999999976694198e-04
1.290000000000000000e+02,5.000000000000000000e+01,1.000000000000000000e+02,5.019200000000000017e+01,-1.920000000000001705e-01
1.300000000000000000e+02,5.000000000000000000e+01,1.000000000000000000e+02,5.025699999999999790e+01,-2.569999999999978968e-01
1.310000000000000000e+02,5.000000000000000000e+01,1.000000000000000000e+02,5.057900000000000063e+01,-5.790000000000006253e-01
1.320000000000000000e+02,5.000000000000000000e+01,1.000000000000000000e+02,5.086899999999999977e+01,-8.689999999999997726e-01
1.330000000000000000e+02,5.000000000000000000e+01,1.000000000000000000e+02,5.096600000000000108e+01,-9.660000000000010800e-01
1.340000000000000000e+02,5.000000000000000000e+01,1.000000000000000000e+02,5.122399999999999665e+01,-1.223999999999996646e+00
1.350000000000000000e+02,5.000000000000000000e+01,1.000000000000000000e+02,5.151400000000000290e+01,-1.514000000000002899e+00
1.360000000000000000e+02,5.000000000000000000e+01,1.000000000000000000e+02,5.177100000000000080e+01,-1.771000000000000796e+00
1.370000000000000000e+02,5.000000000000000000e+01,1.000000000000000000e+02,5.202900000000000347e+01,-2.029000000000003467e+00
1.380000000000000000e+02,5.000000000000000000e+01,1.000000000000000000e+02,5.212599999999999767e+01,-2.125999999999997669e+00
1.390000000000000000e+02,5.000000000000000000e+01,1.000000000000000000e+02,5.241599999999999682e+01,-2.415999999999996817e+00
1.400000000000000000e+02,5.000000000000000000e+01,1.000000000000000000e+02,5.257699999999999818e+01,-2.576999999999998181e+00
1.410000000000000000e+02,5.000000000000000000e+01,1.000000000000000000e+02,5.280299999999999727e+01,-2.802999999999997272e+00
1.420000000000000000e+02,5.000000000000000000e+01,1.000000000000000000e+02,5.306099999999999994e+01,-3.060999999999999943e+00
1.430000000000000000e+02,5.000000000000000000e+01,1.000000000000000000e+02,5.312500000000000000e+01,-3.125000000000000000e+00
1.440000000000000000e+02,5.000000000000000000e+01,1.000000000000000000e+02,5.347899999999999920e+01,-3.478999999999999204e+00
1.450000000000000000e+02,5.000000000000000000e+01,1.000000000000000000e+02,5.373700000000000188e+01,-3.737000000000001876e+00
1.460000000000000000e+02,5.000000000000000000e+01,1.000000000000000000e+02,5.393099999999999739e+01,-3.930999999999997385e+00
1.470000000000000000e+02,5.000000000000000000e+01,1.000000000000000000e+02,5.422099999999999653e+01,-4.220999999999996533e+00
1.480000000000000000e+02,5.000000000000000000e+01,1.000000000000000000e+02,5.438199999999999790e+01,-4.381999999999997897e+00
1.490000000000000000e+02,5.000000000000000000e+01,1.000000000000000000e+02,5.460699999999999932e+01,-4.606999999999999318e+00
1.500000000000000000e+02,5.000000000000000000e+01,1.000000000000000000e+02,5.496200000000000330e+01,-4.962000000000003297e+00
1.510000000000000000e+02,5.000000000000000000e+01,1.000000000000000000e+02,5.515500000000000114e+01,-5.155000000000001137e+00
1.520000000000000000e+02,5.000000000000000000e+01,9.628410000000010882e+01,5.541299999999999670e+01,-5.412999999999996703e+00
1.530000000000000000e+02,5.000000000000000000e+01,9.120019999999999527e+01,5.563900000000000290e+01,-5.639000000000002899e+00
1.540000000000000000e+02,5.000000000000000000e+01,8.740020000000009759e+01,5.579999999999999716e+01,-5.799999999999997158e+00
1.550000000000000000e+02,5.000000000000000000e+01,8.099119999999996367e+01,5.609000000000000341e+01,-6.090000000000003411e+00
1.560000000000000000e+02,5.000000000000000000e+01,7.714610000000007517e+01,5.625099999999999767e+01,-6.250999999999997669e+00
1.570000000000000000e+02,5.000000000000000000e+01,7.197840000000010718e+01,5.647699999999999676e+01,-6.476999999999996760e+00
1.580000000000000000e+02,5.000000000000000000e+01,6.680820000000008463e+01,5.670199999999999818e+01,-6.701999999999998181e+00
1.590000000000000000e+02,5.000000000000000000e+01,6.159540000000009741e+01,5.692799999999999727e+01,-6.927999999999997272e+00
1.600000000000000000e+02,5.000000000000000000e+01,5.961620000000010577e+01,5.699199999999999733e+01,-6.991999999999997328e+00
1.610000000000000000e+02,5.000000000000000000e+01,5.244480000000004338e+01,5.731400000000000006e+01,-7.314000000000000057e+00
1.620000000000000000e+02,5.000000000000000000e+01,4.912050000000007799e+01,5.744299999999999784e+01,-7.442999999999997840e+00
1.630000000000000000e+02,5.000000000000000000e+01,4.254720000000008895e+01,5.773299999999999699e+01,-7.732999999999996987e+00
1.640000000000000000e+02,5.000000000000000000e+01,3.723129999999997608e+01,5.795900000000000318e+01,-7.959000000000003183e+00
1.650000000000000000e+02,5.000000000000000000e+01,3.514899999999997249e+01,5.802300000000000324e+01,-8.023000000000003240e+00
1.660000000000000000e+02,5.000000000000000000e+01,3.109049999999999159e+01,5.818500000000000227e+01,-8.185000000000002274e+00
1.670000000000000000e+02,5.000000000000000000e+01,2.834240000000005466e+01,5.828099999999999881e+01,-8.280999999999998806e+00
1.680000000000000000e+02,5.000000000000000000e+01,2.492140000000009081e+01,5.840999999999999659e+01,-8.409999999999996589e+00
1.690000000000000000e+02,5.000000000000000000e+01,1.953779999999997585e+01,5.863600000000000279e+01,-8.636000000000002785e+00
1.700000000000000000e+02,5.000000000000000000e+01,1.543810000000007676e+01,5.879699999999999704e+01,-8.796999999999997044e+00
1.710000000000000000e+02,5.000000000000000000e+01,1.196549999999999159e+01,5.892600000000000193e+01,-8.926000000000001933e+00
1.720000000000000000e+02,5.000000000000000000e+01,9.786499999999989541e+00,5.899000000000000199e+01,-8.990000000000001990e+00
1.730000000000000000e+02,5.000000000000000000e+01,6.294600000000031059e+00,5.911899999999999977e+01,-9.118999999999999773e+00
1.740000000000000000e+02,5.000000000000000000e+01,4.076200000000085311e+00,5.918399999999999750e+01,-9.183999999999997499e+00
1.750000000000000000e+02,5.000000000000000000e+01,5.648999999999944066e-01,5.931300000000000239e+01,-9.313000000000002387e+00
1.760000000000000000e+02,5.000000000000000000e+01,0.000000000000000000e+00,5.937700000000000244e+01,-9.377000000000002444e+00
1.770000000000000000e+02,5.000000000000000000e+01,0.000000000000000000e+00,5.940899999999999892e+01,-9.408999999999998920e+00
1.780000000000000000e+02,5.000000000000000000e+01,0.000000000000000000e+00,5.957000000000000028e+01,-9.570000000000000284e+00
1.790000000000000000e+02,5.000000000000000000e+01,0.000000000000000000e+00,5.957000000000000028e+01,-9.570000000000000284e+00
1.800000000000000000e+02,5.000000000000000000e+01,0.000000000000000000e+00,5.960300000000000153e+01,-9.603000000000001535e+00
1.810000000000000000e+02,5.000000000000000000e+01,0.000000000000000000e+00,5.973100000000000165e+01,-9.731000000000001648e+00
1.820000000000000000e+02,5.000000000000000000e+01,0.000000000000000000e+00,5.985999999999999943e+01,-9.859999999999999432e+00
1.830000000000000000e+02,5.000000000000000000e+01,0.000000000000000000e+00,5.989300000000000068e+01,-9.893000000000000682e+00
1.840000000000000000e+02,5.000000000000000000e+01,0.000000000000000000e+00,5.989300000000000068e+01,-9.893000000000000682e+00
1.850000000000000000e+02,5.000000000000000000e+01,0.000000000000000000e+00,5.989300000000000068e+01,-9.893000000000000682e+00
1.860000000000000000e+02,5.000000000000000000e+01,0.000000000000000000e+00,5.989300000000000068e+01,-9.893000000000000682e+00
1.870000000000000000e+02,5.000000000000000000e+01,0.000000000000000000e+00,5.989300000000000068e+01,-9.893000000000000682e+00
1.880000000000000000e+02,5.000000000000000000e+01,0.000000000000000000e+00,5.989300000000000068e+01,-9.893000000000000682e+00
1.890000000000000000e+02,5.000000000000000000e+01,0.000000000000000000e+00,5.989300000000000068e+01,-9.893000000000000682e+00
1.900000000000000000e+02,5.000000000000000000e+01,0.000000000000000000e+00,5.989300000000000068e+01,-9.893000000000000682e+00
1.910000000000000000e+02,5.000000000000000000e+01,0.000000000000000000e+00,5.989300000000000068e+01,-9.893000000000000682e+00
1.920000000000000000e+02,5.000000000000000000e+01,0.000000000000000000e+00,5.989300000000000068e+01,-9.893000000000000682e+00
1.930000000000000000e+02,5.000000000000000000e+01,0.000000000000000000e+00,5.963499999999999801e+01,-9.634999999999998010e+00
1.940000000000000000e+02,5.000000000000000000e+01,0.000000000000000000e+00,5.957000000000000028e+01,-9.570000000000000284e+00
1.950000000000000000e+02,5.000000000000000000e+01,0.000000000000000000e+00,5.957000000000000028e+01,-9.570000000000000284e+00
1.960000000000000000e+02,5.000000000000000000e+01,0.000000000000000000e+00,5.950600000000000023e+01,-9.506000000000000227e+00
1.970000000000000000e+02,5.000000000000000000e+01,0.000000000000000000e+00,5.940899999999999892e+01,-9.408999999999998920e+00
1.980000000000000000e+02,5.000000000000000000e+01,0.000000000000000000e+00,5.924799999999999756e+01,-9.247999999999997556e+00
1.990000000000000000e+02,5.000000000000000000e+01,0.000000000000000000e+00,5.924799999999999756e+01,-9.247999999999997556e+00
2.000000000000000000e+02,5.000000000000000000e+01,0.000000000000000000e+00,5.902199999999999847e+01,-9.021999999999998465e+00
2.010000000000000000e+02,5.000000000000000000e+01,0.000000000000000000e+00,5.892600000000000193e+01,-8.926000000000001933e+00
2.020000000000000000e+02,5.000000000000000000e+01,0.000000000000000000e+00,5.892600000000000193e+01,-8.926000000000001933e+00
2.030000000000000000e+02,5.000000000000000000e+01,0.000000000000000000e+00,5.882900000000000063e+01,-8.829000000000000625e+00
2.040000000000000000e+02,5.000000000000000000e+01,0.000000000000000000e+00,5.866799999999999926e+01,-8.667999999999999261e+00
2.050000000000000000e+02,5.000000000000000000e+01,0.000000000000000000e+00,5.860399999999999920e+01,-8.603999999999999204e+00
2.060000000000000000e+02,5.000000000000000000e+01,0.000000000000000000e+00,5.847500000000000142e+01,-8.475000000000001421e+00
2.070000000000000000e+02,5.000000000000000000e+01,0.000000000000000000e+00,5.837800000000000011e+01,-8.378000000000000114e+00
2.080000000000000000e+02,5.000000000000000000e+01,0.000000000000000000e+00,5.828099999999999881e+01,-8.280999999999998806e+00
2.090000000000000000e+02,5.000000000000000000e+01,0.000000000000000000e+00,5.821699999999999875e+01,-8.216999999999998749e+00
2.100000000000000000e+02,5.000000000000000000e+01,0.000000000000000000e+00,5.795900000000000318e+01,-7.959000000000003183e+00
2.110000000000000000e+02,5.000000000000000000e+01,0.000000000000000000e+00,5.792699999999999960e+01,-7.926999999999999602e+00
2.120000000000000000e+02,5.000000000000000000e+01,0.000000000000000000e+00,5.766899999999999693e+01,-7.668999999999996930e+00
2.130000000000000000e+02,5.000000000000000000e+01,0.000000000000000000e+00,5.763700000000000045e+01,-7.637000000000000455e+00
2.140000000000000000e+02,5.000000000000000000e+01,0.000000000000000000e+00,5.763700000000000045e+01,-7.637000000000000455e+00
2.150000000000000000e+02,5.000000000000000000e+01,2.124699999999961619e+00,5.741100000000000136e+01,-7.411000000000001364e+00
2.160000000000000000e+02,5.000000000000000000e+01,3.333299999999979946e+00,5.731400000000000006e+01,-7.314000000000000057e+00
2.170000000000000000e+02,5.000000000000000000e+01,6.481199999999944339e+00,5.712100000000000222e+01,-7.121000000000002217e+00
2.180000000000000000e+02,5.000000000000000000e+01,8.362000000000051614e+00,5.699199999999999733e+01,-6.991999999999997328e+00
2.190000000000000000e+02,5.000000000000000000e+01,9.592399999999969396e+00,5.689600000000000080e+01,-6.896000000000000796e+00
2.200000000000000000e+02,5.000000000000000000e+01,1.280220000000002756e+01,5.670199999999999818e+01,-6.701999999999998181e+00
2.210000000000000000e+02,5.000000000000000000e+01,1.341840000000001965e+01,5.663799999999999812e+01,-6.637999999999998124e+00
2.220000000000000000e+02,5.000000000000000000e+01,1.599070000000006075e+01,5.647699999999999676e+01,-6.476999999999996760e+00
2.230000000000000000e+02,5.000000000000000000e+01,1.793590000000000373e+01,5.634799999999999898e+01,-6.347999999999998977e+00
2.240000000000000000e+02,5.000000000000000000e+01,2.248689999999990619e+01,5.609000000000000341e+01,-6.090000000000003411e+00
2.250000000000000000e+02,5.000000000000000000e+01,2.382759999999993283e+01,5.599300000000000210e+01,-5.993000000000002103e+00
2.260000000000000000e+02,5.000000000000000000e+01,2.710760000000001924e+01,5.579999999999999716e+01,-5.799999999999997158e+00
2.270000000000000000e+02,5.000000000000000000e+01,2.847729999999990014e+01,5.570300000000000296e+01,-5.703000000000002956e+00
2.280000000000000000e+02,5.000000000000000000e+01,3.242949999999993338e+01,5.547800000000000153e+01,-5.478000000000001535e+00
2.290000000000000000e+02,5.000000000000000000e+01,3.383139999999997372e+01,5.538100000000000023e+01,-5.381000000000000227e+00
2.300000000000000000e+02,5.000000000000000000e+01,3.717259999999993170e+01,5.518800000000000239e+01,-5.188000000000002387e+00
2.310000000000000000e+02,5.000000000000000000e+01,3.990999999999991132e+01,5.502600000000000335e+01,-5.026000000000003354e+00
2.320000000000000000e+02,5.000000000000000000e+01,4.069379999999992492e+01,5.496200000000000330e+01,-4.962000000000003297e+00
2.330000000000000000e+02,5.000000000000000000e+01,4.407690000000002328e+01,5.476899999999999835e+01,-4.768999999999998352e+00
2.340000000000000000e+02,5.000000000000000000e+01,4.426330000000004361e+01,5.473599999999999710e+01,-4.735999999999997101e+00
2.350000000000000000e+02,5.000000000000000000e+01,4.831219999999993320e+01,5.451100000000000279e+01,-4.511000000000002785e+00
2.360000000000000000e+02,5.000000000000000000e+01,4.981079999999997199e+01,5.441400000000000148e+01,-4.414000000000001478e+00
2.370000000000000000e+02,5.000000000000000000e+01,5.001260000000004879e+01,5.438199999999999790e+01,-4.381999999999997897e+00
2.380000000000000000e+02,5.000000000000000000e+01,5.216730000000001155e+01,5.425300000000000011e+01,-4.253000000000000114e+00
2.390000000000000000e+02,5.000000000000000000e+01,5.497810000000004038e+01,5.409199999999999875e+01,-4.091999999999998749e+00
2.400000000000000000e+02,5.000000000000000000e+01,5.846829999999994243e+01,5.389800000000000324e+01,-3.898000000000003240e+00
2.410000000000000000e+02,5.000000000000000000e+01,5.936489999999994893e+01,5.383400000000000318e+01,-3.834000000000003183e+00
2.420000000000000000e+02,5.000000000000000000e+01,6.157440000000005398e+01,5.370499999999999829e+01,-3.704999999999998295e+00
2.430000000000000000e+02,5.000000000000000000e+01,6.379680000000001883e+01,5.357600000000000051e+01,-3.576000000000000512e+00
2.440000000000000000e+02,5.000000000000000000e+01,6.603209999999998558e+01,5.344700000000000273e+01,-3.447000000000002728e+00
2.450000000000000000e+02,5.000000000000000000e+01,6.568739999999999668e+01,5.344700000000000273e+01,-3.447000000000002728e+00
2.460000000000000000e+02,5.000000000000000000e+01,6.793560000000010746e+01,5.331799999999999784e+01,-3.317999999999997840e+00
2.470000000000000000e+02,5.000000000000000000e+01,7.083990000000014220e+01,5.315699999999999648e+01,-3.156999999999996476e+00
2.480000000000000000e+02,5.000000000000000000e+01,7.311710000000010723e+01,5.302799999999999869e+01,-3.027999999999998693e+00
2.490000000000000000e+02,5.000000000000000000e+01,7.410070000000010282e+01,5.296399999999999864e+01,-2.963999999999998636e+00
2.500000000000000000e+02,5.000000000000000000e+01,7.639720000000005484e+01,5.283500000000000085e+01,-2.835000000000000853e+00
2.510000000000000000e+02,5.000000000000000000e+01,7.740010000000006585e+01,5.277100000000000080e+01,-2.771000000000000796e+00
2.520000000000000000e+02,5.000000000000000000e+01,8.230880000000013297e+01,5.251299999999999812e+01,-2.512999999999998124e+00
2.530000000000000000e+02,5.000000000000000000e+01,8.141430000000005407e+01,5.254500000000000171e+01,-2.545000000000001705e+00
2.540000000000000000e+02,5.000000000000000000e+01,8.310950000000008231e+01,5.244800000000000040e+01,-2.448000000000000398e+00
2.550000000000000000e+02,5.000000000000000000e+01,8.222150000000016234e+01,5.247999999999999687e+01,-2.479999999999996874e+00
2.560000000000000000e+02,5.000000000000000000e+01,8.261670000000009395e+01,5.244800000000000040e+01,-2.448000000000000398e+00
2.570000000000000000e+02,5.000000000000000000e+01,8.301510000000016021e+01,5.241599999999999682e+01,-2.415999999999996817e+00
2.580000000000000000e+02,5.000000000000000000e+01,8.472320000000004825e+01,5.231900000000000261e+01,-2.319000000000002615e+00
2.590000000000000000e+02,5.000000000000000000e+01,8.449130000000005225e+01,5.231900000000000261e+01,-2.319000000000002615e+00
2.600000000000000000e+02,5.000000000000000000e+01,8.359610000000017749e+01,5.235199999999999676e+01,-2.351999999999996760e+00
2.610000000000000000e+02,5.000000000000000000e+01,8.336090000000018563e+01,5.235199999999999676e+01,-2.351999999999996760e+00
2.620000000000000000e+02,5.000000000000000000e+01,8.638190000000017221e+01,5.218999999999999773e+01,-2.189999999999997726e+00
2.630000000000000000e+02,5.000000000000000000e+01,8.549960000000015725e+01,5.222299999999999898e+01,-2.222999999999998977e+00
2.640000000000000000e+02,5.000000000000000000e+01,8.463410000000007471e+01,5.225500000000000256e+01,-2.255000000000002558e+00
2.650000000000000000e+02,5.000000000000000000e+01,8.505180000000015639e+01,5.222299999999999898e+01,-2.222999999999998977e+00
2.660000000000000000e+02,5.000000000000000000e+01,8.613600000000010937e+01,5.215800000000000125e+01,-2.158000000000001251e+00
2.670000000000000000e+02,5.000000000000000000e+01,8.461370000000016489e+01,5.222299999999999898e+01,-2.222999999999998977e+00
2.680000000000000000e+02,5.000000000000000000e+01,8.569790000000011787e+01,5.215800000000000125e+01,-2.158000000000001251e+00
2.690000000000000000e+02,5.000000000000000000e+01,8.417560000000017340e+01,5.222299999999999898e+01,-2.222999999999998977e+00
2.700000000000000000e+02,5.000000000000000000e+01,8.395330000000018345e+01,5.222299999999999898e+01,-2.222999999999998977e+00
2.710000000000000000e+02,5.000000000000000000e+01,8.308780000000010091e+01,5.225500000000000256e+01,-2.255000000000002558e+00
2.720000000000000000e+02,5.000000000000000000e+01,7.962620000000021037e+01,5.241599999999999682e+01,-2.415999999999996817e+00
2.730000000000000000e+02,5.000000000000000000e+01,8.067100000000020543e+01,5.235199999999999676e+01,-2.351999999999996760e+00
2.740000000000000000e+02,5.000000000000000000e+01,7.850620000000013476e+01,5.244800000000000040e+01,-2.448000000000000398e+00
2.750000000000000000e+02,5.000000000000000000e+01,7.761820000000020059e+01,5.247999999999999687e+01,-2.479999999999996874e+00
2.760000000000000000e+02,5.000000000000000000e+01,7.737020000000019593e+01,5.247999999999999687e+01,-2.479999999999996874e+00
2.770000000000000000e+02,5.000000000000000000e+01,7.712220000000019127e+01,5.247999999999999687e+01,-2.479999999999996874e+00
2.780000000000000000e+02,5.000000000000000000e+01,7.492450000000016530e+01,5.257699999999999818e+01,-2.576999999999998181e+00
2.790000000000000000e+02,5.000000000000000000e+01,7.336030000000006623e+01,5.264200000000000301e+01,-2.642000000000003013e+00
2.800000000000000000e+02,5.000000000000000000e+01,7.050320000000010623e+01,5.277100000000000080e+01,-2.771000000000000796e+00
2.810000000000000000e+02,5.000000000000000000e+01,6.893970000000010145e+01,5.283500000000000085e+01,-2.835000000000000853e+00
2.820000000000000000e+02,5.000000000000000000e+01,6.801300000000017576e+01,5.286699999999999733e+01,-2.866999999999997328e+00
2.830000000000000000e+02,5.000000000000000000e+01,6.577660000000014406e+01,5.296399999999999864e+01,-2.963999999999998636e+00
2.840000000000000000e+02,5.000000000000000000e+01,6.224410000000011678e+01,5.312500000000000000e+01,-3.125000000000000000e+00
2.850000000000000000e+02,5.000000000000000000e+01,6.193160000000011678e+01,5.312500000000000000e+01,-3.125000000000000000e+00
2.860000000000000000e+02,5.000000000000000000e+01,6.161910000000011678e+01,5.312500000000000000e+01,-3.125000000000000000e+00
2.870000000000000000e+02,5.000000000000000000e+01,5.871370000000015921e+01,5.325399999999999778e+01,-3.253999999999997783e+00
2.880000000000000000e+02,5.000000000000000000e+01,5.515220000000013556e+01,5.341499999999999915e+01,-3.414999999999999147e+00
2.890000000000000000e+02,5.000000000000000000e+01,5.286100000000010368e+01,5.351200000000000045e+01,-3.512000000000000455e+00
2.900000000000000000e+02,5.000000000000000000e+01,5.381630000000005509e+01,5.344700000000000273e+01,-3.447000000000002728e+00
2.910000000000000000e+02,5.000000000000000000e+01,5.023550000000017235e+01,5.360799999999999699e+01,-3.607999999999996987e+00
2.920000000000000000e+02,5.000000000000000000e+01,4.921140000000015391e+01,5.364099999999999824e+01,-3.640999999999998238e+00
2.930000000000000000e+02,5.000000000000000000e+01,4.625440000000006080e+01,5.377000000000000313e+01,-3.770000000000003126e+00
2.940000000000000000e+02,5.000000000000000000e+01,4.587740000000006546e+01,5.377000000000000313e+01,-3.770000000000003126e+00
2.950000000000000000e+02,5.000000000000000000e+01,4.357080000000013342e+01,5.386599999999999966e+01,-3.865999999999999659e+00
2.960000000000000000e+02,5.000000000000000000e+01,4.382740000000006830e+01,5.383400000000000318e+01,-3.834000000000003183e+00
2.970000000000000000e+02,5.000000000000000000e+01,3.825820000000015852e+01,5.409199999999999875e+01,-4.091999999999998749e+00
2.980000000000000000e+02,5.000000000000000000e+01,3.784900000000016007e+01,5.409199999999999875e+01,-4.091999999999998749e+00
2.990000000000000000e+02,5.000000000000000000e+01,3.679660000000008324e+01,5.412400000000000233e+01,-4.124000000000002331e+00
3.000000000000000000e+02,5.000000000000000000e+01,3.702740000000015641e+01,5.409199999999999875e+01,-4.091999999999998749e+00
3.010000000000000000e+02,5.000000000000000000e+01,3.273890000000019995e+01,5.428499999999999659e+01,-4.284999999999996589e+00
3.020000000000000000e+02,5.000000000000000000e+01,2.971750000000010061e+01,5.441400000000000148e+01,-4.414000000000001478e+00
3.030000000000000000e+02,5.000000000000000000e+01,3.056250000000009948e+01,5.435000000000000142e+01,-4.350000000000001421e+00
3.040000000000000000e+02,5.000000000000000000e+01,2.884110000000009677e+01,5.441400000000000148e+01,-4.414000000000001478e+00
3.050000000000000000e+02,5.000000000000000000e+01,2.775650000000017315e+01,5.444599999999999795e+01,-4.445999999999997954e+00
3.060000000000000000e+02,5.000000000000000000e+01,2.664860000000014395e+01,5.447899999999999920e+01,-4.478999999999999204e+00
3.070000000000000000e+02,5.000000000000000000e+01,2.362790000000013890e+01,5.460699999999999932e+01,-4.606999999999999318e+00
3.080000000000000000e+02,5.000000000000000000e+01,2.316720000000013613e+01,5.460699999999999932e+01,-4.606999999999999318e+00
3.090000000000000000e+02,5.000000000000000000e+01,2.140000000000017621e+01,5.467199999999999704e+01,-4.671999999999997044e+00
3.100000000000000000e+02,5.000000000000000000e+01,2.157600000000010709e+01,5.464000000000000057e+01,-4.640000000000000568e+00
3.110000000000000000e+02,5.000000000000000000e+01,1.918240000000017176e+01,5.473599999999999710e+01,-4.735999999999997101e+00
3.120000000000000000e+02,5.000000000000000000e+01,1.870880000000016707e+01,5.473599999999999710e+01,-4.735999999999997101e+00
3.130000000000000000e+02,5.000000000000000000e+01,1.757190000000014152e+01,5.476899999999999835e+01,-4.768999999999998352e+00
3.140000000000000000e+02,5.000000000000000000e+01,1.645180000000007681e+01,5.480100000000000193e+01,-4.801000000000001933e+00
3.150000000000000000e+02,5.000000000000000000e+01,1.661490000000014788e+01,5.476899999999999835e+01,-4.768999999999998352e+00
3.160000000000000000e+02,5.000000000000000000e+01,1.613800000000014734e+01,5.476899999999999835e+01,-4.768999999999998352e+00
3.170000000000000000e+02,5.000000000000000000e+01,1.501790000000008263e+01,5.480100000000000193e+01,-4.801000000000001933e+00
3.180000000000000000e+02,5.000000000000000000e+01,1.584430000000017458e+01,5.473599999999999710e+01,-4.735999999999997101e+00
3.190000000000000000e+02,5.000000000000000000e+01,1.537070000000016989e+01,5.473599999999999710e+01,-4.735999999999997101e+00
3.200000000000000000e+02,5.000000000000000000e+01,2.136930000000008079e+01,5.441400000000000148e+01,-4.414000000000001478e+00
3.210000000000000000e+02,5.000000000000000000e+01,1.704860000000012121e+01,5.460699999999999932e+01,-4.606999999999999318e+00
3.220000000000000000e+02,5.000000000000000000e+01,1.723110000000005471e+01,5.457500000000000284e+01,-4.575000000000002842e+00
3.230000000000000000e+02,5.000000000000000000e+01,1.287420000000014397e+01,5.476899999999999835e+01,-4.768999999999998352e+00
3.240000000000000000e+02,5.000000000000000000e+01,1.565350000000012187e+01,5.460699999999999932e+01,-4.606999999999999318e+00
3.250000000000000000e+02,5.000000000000000000e+01,1.388630000000016196e+01,5.467199999999999704e+01,-4.671999999999997044e+00
3.260000000000000000e+02,5.000000000000000000e+01,1.341910000000015657e+01,5.467199999999999704e+01,-4.671999999999997044e+00
3.270000000000000000e+02,5.000000000000000000e+01,1.230870000000008702e+01,5.470400000000000063e+01,-4.704000000000000625e+00
3.280000000000000000e+02,5.000000000000000000e+01,1.636080000000011125e+01,5.447899999999999920e+01,-4.478999999999999204e+00
3.290000000000000000e+02,5.000000000000000000e+01,1.591290000000010707e+01,5.447899999999999920e+01,-4.478999999999999204e+00
3.300000000000000000e+02,5.000000000000000000e+01,1.612830000000013797e+01,5.444599999999999795e+01,-4.445999999999997954e+00
3.310000000000000000e+02,5.000000000000000000e+01,1.568370000000014386e+01,5.444599999999999795e+01,-4.445999999999997954e+00
3.320000000000000000e+02,5.000000000000000000e+01,1.588230000000007180e+01,5.441400000000000148e+01,-4.414000000000001478e+00
3.330000000000000000e+02,5.000000000000000000e+01,1.544090000000007024e+01,5.441400000000000148e+01,-4.414000000000001478e+00
3.340000000000000000e+02,5.000000000000000000e+01,1.694920000000008997e+01,5.431700000000000017e+01,-4.317000000000000171e+00
3.350000000000000000e+02,5.000000000000000000e+01,1.651750000000008356e+01,5.431700000000000017e+01,-4.317000000000000171e+00
3.360000000000000000e+02,5.000000000000000000e+01,1.932190000000011310e+01,5.415599999999999881e+01,-4.155999999999998806e+00
3.370000000000000000e+02,5.000000000000000000e+01,1.826310000000003697e+01,5.418800000000000239e+01,-4.188000000000002387e+00
3.380000000000000000e+02,5.000000000000000000e+01,1.977390000000011128e+01,5.409199999999999875e+01,-4.091999999999998749e+00
3.390000000000000000e+02,5.000000000000000000e+01,2.000790000000003488e+01,5.406000000000000227e+01,-4.060000000000002274e+00
3.400000000000000000e+02,5.000000000000000000e+01,2.543090000000002249e+01,5.377000000000000313e+01,-3.770000000000003126e+00
3.410000000000000000e+02,5.000000000000000000e+01,2.441070000000009088e+01,5.380199999999999960e+01,-3.801999999999999602e+00
3.420000000000000000e+02,5.000000000000000000e+01,2.403050000000008879e+01,5.380199999999999960e+01,-3.801999999999999602e+00
3.430000000000000000e+02,5.000000000000000000e+01,2.560000000000010800e+01,5.370499999999999829e+01,-3.704999999999998295e+00
3.440000000000000000e+02,5.000000000000000000e+01,2.782240000000005864e+01,5.357600000000000051e+01,-3.576000000000000512e+00
3.450000000000000000e+02,5.000000000000000000e+01,2.810800000000013199e+01,5.354399999999999693e+01,-3.543999999999996930e+00
3.460000000000000000e+02,5.000000000000000000e+01,2.970330000000001291e+01,5.344700000000000273e+01,-3.447000000000002728e+00
3.470000000000000000e+02,5.000000000000000000e+01,3.064500000000001023e+01,5.338300000000000267e+01,-3.383000000000002672e+00
3.480000000000000000e+02,5.000000000000000000e+01,3.420610000000006323e+01,5.318900000000000006e+01,-3.189000000000000057e+00
3.490000000000000000e+02,5.000000000000000000e+01,3.453040000000012810e+01,5.315699999999999648e+01,-3.156999999999996476e+00
3.500000000000000000e+02,5.000000000000000000e+01,3.485790000000005762e+01,5.312500000000000000e+01,-3.125000000000000000e+00
3.510000000000000000e+02,5.000000000000000000e+01,3.778150000000007935e+01,5.296399999999999864e+01,-2.963999999999998636e+00
3.520000000000000000e+02,5.000000000000000000e+01,4.007800000000003138e+01,5.283500000000000085e+01,-2.835000000000000853e+00
3.530000000000000000e+02,5.000000000000000000e+01,4.174420000000006326e+01,5.273799999999999955e+01,-2.737999999999999545e+00
3.540000000000000000e+02,5.000000000000000000e+01,4.599290000000009115e+01,5.251299999999999812e+01,-2.512999999999998124e+00
3.550000000000000000e+02,5.000000000000000000e+01,4.574160000000009063e+01,5.251299999999999812e+01,-2.512999999999998124e+00
3.560000000000000000e+02,5.000000000000000000e+01,4.615360000000011098e+01,5.247999999999999687e+01,-2.479999999999996874e+00
3.570000000000000000e+02,5.000000000000000000e+01,4.590560000000010632e+01,5.247999999999999687e+01,-2.479999999999996874e+00
3.580000000000000000e+02,5.000000000000000000e+01,4.889369999999999550e+01,5.231900000000000261e+01,-2.319000000000002615e+00
3.590000000000000000e+02,5.000000000000000000e+01,4.930500000000006366e+01,5.228699999999999903e+01,-2.286999999999999034e+00
3.600000000000000000e+02,5.000000000000000000e+01,4.971949999999999648e+01,5.225500000000000256e+01,-2.255000000000002558e+00
3.610000000000000000e+02,5.000000000000000000e+01,5.013720000000006394e+01,5.222299999999999898e+01,-2.222999999999998977e+00
3.620000000000000000e+02,5.000000000000000000e+01,5.122140000000001692e+01,5.215800000000000125e+01,-2.158000000000001251e+00
3.630000000000000000e+02,5.000000000000000000e+01,5.100560000000001537e+01,5.215800000000000125e+01,-2.158000000000001251e+00
3.640000000000000000e+02,5.000000000000000000e+01,5.078980000000001382e+01,5.215800000000000125e+01,-2.158000000000001251e+00
3.650000000000000000e+02,5.000000000000000000e+01,5.057400000000001228e+01,5.215800000000000125e+01,-2.158000000000001251e+00
3.660000000000000000e+02,5.000000000000000000e+01,5.035820000000001073e+01,5.215800000000000125e+01,-2.158000000000001251e+00
3.670000000000000000e+02,5.000000000000000000e+01,5.142880000000000962e+01,5.209400000000000119e+01,-2.094000000000001194e+00
3.680000000000000000e+02,5.000000000000000000e+01,5.576199999999998624e+01,5.186800000000000210e+01,-1.868000000000002103e+00
3.690000000000000000e+02,5.000000000000000000e+01,5.426870000000003813e+01,5.193299999999999983e+01,-1.932999999999999829e+00
3.700000000000000000e+02,5.000000000000000000e+01,5.602510000000006585e+01,5.183599999999999852e+01,-1.835999999999998522e+00
3.710000000000000000e+02,5.000000000000000000e+01,5.584150000000006742e+01,5.183599999999999852e+01,-1.835999999999998522e+00
3.720000000000000000e+02,5.000000000000000000e+01,5.630109999999999104e+01,5.180400000000000205e+01,-1.804000000000002046e+00
3.730000000000000000e+02,5.000000000000000000e+01,5.742720000000008440e+01,5.173899999999999721e+01,-1.738999999999997215e+00
3.740000000000000000e+02,5.000000000000000000e+01,5.789650000000001739e+01,5.170700000000000074e+01,-1.707000000000000739e+00
3.750000000000000000e+02,5.000000000000000000e+01,5.708260000000008461e+01,5.173899999999999721e+01,-1.738999999999997215e+00
3.760000000000000000e+02,5.000000000000000000e+01,5.883830000000001803e+01,5.164300000000000068e+01,-1.643000000000000682e+00
3.770000000000000000e+02,5.000000000000000000e+01,5.867400000000002080e+01,5.164300000000000068e+01,-1.643000000000000682e+00
3.780000000000000000e+02,5.000000000000000000e+01,6.110259999999998115e+01,5.151400000000000290e+01,-1.514000000000002899e+00
3.790000000000000000e+02,5.000000000000000000e+01,5.902160000000004914e+01,5.160999999999999943e+01,-1.609999999999999432e+00
3.800000000000000000e+02,5.000000000000000000e+01,5.950379999999998404e+01,5.157800000000000296e+01,-1.578000000000002956e+00
3.810000000000000000e+02,5.000000000000000000e+01,6.063239999999998986e+01,5.151400000000000290e+01,-1.514000000000002899e+00
3.820000000000000000e+02,5.000000000000000000e+01,5.983780000000005828e+01,5.154599999999999937e+01,-1.545999999999999375e+00
3.830000000000000000e+02,5.000000000000000000e+01,6.032639999999999247e+01,5.151400000000000290e+01,-1.514000000000002899e+00
3.840000000000000000e+02,5.000000000000000000e+01,6.017499999999999716e+01,5.151400000000000290e+01,-1.514000000000002899e+00
3.850000000000000000e+02,5.000000000000000000e+01,5.743070000000004427e+01,5.164300000000000068e+01,-1.643000000000000682e+00
3.860000000000000000e+02,5.000000000000000000e+01,6.052260000000002549e+01,5.148100000000000165e+01,-1.481000000000001648e+00
3.870000000000000000e+02,5.000000000000000000e+01,5.971120000000000516e+01,5.151400000000000290e+01,-1.514000000000002899e+00
3.880000000000000000e+02,5.000000000000000000e+01,5.955980000000000985e+01,5.151400000000000290e+01,-1.514000000000002899e+00
3.890000000000000000e+02,5.000000000000000000e+01,5.940840000000001453e+01,5.151400000000000290e+01,-1.514000000000002899e+00
3.900000000000000000e+02,5.000000000000000000e+01,5.861380000000008295e+01,5.154599999999999937e+01,-1.545999999999999375e+00
3.910000000000000000e+02,5.000000000000000000e+01,5.910240000000001714e+01,5.151400000000000290e+01,-1.514000000000002899e+00
3.920000000000000000e+02,5.000000000000000000e+01,5.895100000000002183e+01,5.151400000000000290e+01,-1.514000000000002899e+00
3.930000000000000000e+02,5.000000000000000000e+01,5.879960000000002651e+01,5.151400000000000290e+01,-1.514000000000002899e+00
3.940000000000000000e+02,5.000000000000000000e+01,5.864820000000003120e+01,5.151400000000000290e+01,-1.514000000000002899e+00
3.950000000000000000e+02,5.000000000000000000e+01,5.849680000000003588e+01,5.151400000000000290e+01,-1.514000000000002899e+00
3.960000000000000000e+02,5.000000000000000000e+01,5.510930000000014672e+01,5.167499999999999716e+01,-1.674999999999997158e+00
3.970000000000000000e+02,5.000000000000000000e+01,5.624830000000009989e+01,5.160999999999999943e+01,-1.609999999999999432e+00
3.980000000000000000e+02,5.000000000000000000e+01,5.218790000000004170e+01,5.180400000000000205e+01,-1.804000000000002046e+00
3.990000000000000000e+02,5.000000000000000000e+01,5.136430000000011376e+01,5.183599999999999852e+01,-1.835999999999998522e+00
4.000000000000000000e+02,5.000000000000000000e+01,5.182390000000003738e+01,5.180400000000000205e+01,-1.804000000000002046e+00
4.010000000000000000e+02,5.000000000000000000e+01,4.971390000000010900e+01,5.189999999999999858e+01,-1.899999999999998579e+00
4.020000000000000000e+02,5.000000000000000000e+01,5.016710000000003333e+01,5.186800000000000210e+01,-1.868000000000002103e+00
4.030000000000000000e+02,5.000000000000000000e+01,4.803060000000000684e+01,5.196500000000000341e+01,-1.965000000000003411e+00
4.040000000000000000e+02,5.000000000000000000e+01,4.978380000000002781e+01,5.186800000000000210e+01,-1.868000000000002103e+00
4.050000000000000000e+02,5.000000000000000000e+01,4.895380000000010057e+01,5.189999999999999858e+01,-1.899999999999998579e+00
4.060000000000000000e+02,5.000000000000000000e+01,4.876380000000010284e+01,5.189999999999999858e+01,-1.899999999999998579e+00
4.070000000000000000e+02,5.000000000000000000e+01,4.791050000000008424e+01,5.193299999999999983e+01,-1.932999999999999829e+00
4.080000000000000000e+02,5.000000000000000000e+01,4.578760000000001185e+01,5.202900000000000347e+01,-2.029000000000003467e+00
4.090000000000000000e+02,5.000000000000000000e+01,4.622790000000009059e+01,5.199699999999999989e+01,-1.996999999999999886e+00
4.100000000000000000e+02,5.000000000000000000e+01,4.538500000000001933e+01,5.202900000000000347e+01,-2.029000000000003467e+00
4.110000000000000000e+02,5.000000000000000000e+01,4.451880000000014093e+01,5.206199999999999761e+01,-2.061999999999997613e+00
4.120000000000000000e+02,5.000000000000000000e+01,4.626230000000002462e+01,5.196500000000000341e+01,-1.965000000000003411e+00
4.130000000000000000e+02,5.000000000000000000e+01,4.542260000000010223e+01,5.199699999999999989e+01,-1.996999999999999886e+00
4.140000000000000000e+02,5.000000000000000000e+01,4.391640000000015220e+01,5.206199999999999761e+01,-2.061999999999997613e+00
4.150000000000000000e+02,5.000000000000000000e+01,4.178060000000007790e+01,5.215800000000000125e+01,-2.158000000000001251e+00
4.160000000000000000e+02,5.000000000000000000e+01,4.092160000000015430e+01,5.218999999999999773e+01,-2.189999999999997726e+00
4.170000000000000000e+02,5.000000000000000000e+01,4.003930000000012512e+01,5.222299999999999898e+01,-2.222999999999998977e+00
4.180000000000000000e+02,5.000000000000000000e+01,3.981700000000012096e+01,5.222299999999999898e+01,-2.222999999999998977e+00
4.190000000000000000e+02,5.000000000000000000e+01,4.025800000000015189e+01,5.218999999999999773e+01,-2.189999999999997726e+00
4.200000000000000000e+02,5.000000000000000000e+01,3.678280000000016514e+01,5.235199999999999676e+01,-2.351999999999996760e+00
4.210000000000000000e+02,5.000000000000000000e+01,3.980380000000015173e+01,5.218999999999999773e+01,-2.189999999999997726e+00
4.220000000000000000e+02,5.000000000000000000e+01,3.632860000000016498e+01,5.235199999999999676e+01,-2.351999999999996760e+00
4.230000000000000000e+02,5.000000000000000000e+01,3.545020000000009475e+01,5.238400000000000034e+01,-2.384000000000000341e+00
4.240000000000000000e+02,5.000000000000000000e+01,3.716150000000011744e+01,5.228699999999999903e+01,-2.286999999999999034e+00
4.250000000000000000e+02,5.000000000000000000e+01,3.562630000000015684e+01,5.235199999999999676e+01,-2.351999999999996760e+00
4.260000000000000000e+02,5.000000000000000000e+01,3.474790000000008661e+01,5.238400000000000034e+01,-2.384000000000000341e+00
4.270000000000000000e+02,5.000000000000000000e+01,3.386630000000015173e+01,5.241599999999999682e+01,-2.415999999999996817e+00
4.280000000000000000e+02,5.000000000000000000e+01,3.362470000000014636e+01,5.241599999999999682e+01,-2.415999999999996817e+00
4.290000000000000000e+02,5.000000000000000000e+01,3.209670000000014056e+01,5.247999999999999687e+01,-2.479999999999996874e+00
4.300000000000000000e+02,5.000000000000000000e+01,3.184870000000013590e+01,5.247999999999999687e+01,-2.479999999999996874e+00
4.310000000000000000e+02,5.000000000000000000e+01,3.160070000000013124e+01,5.247999999999999687e+01,-2.479999999999996874e+00
4.320000000000000000e+02,5.000000000000000000e+01,3.135270000000012658e+01,5.247999999999999687e+01,-2.479999999999996874e+00
4.330000000000000000e+02,5.000000000000000000e+01,3.044140000000010104e+01,5.251299999999999812e+01,-2.512999999999998124e+00
4.340000000000000000e+02,5.000000000000000000e+01,3.085340000000012139e+01,5.247999999999999687e+01,-2.479999999999996874e+00
4.350000000000000000e+02,5.000000000000000000e+01,2.994210000000009586e+01,5.251299999999999812e+01,-2.512999999999998124e+00
4.360000000000000000e+02,5.000000000000000000e+01,3.035410000000011621e+01,5.247999999999999687e+01,-2.479999999999996874e+00
4.370000000000000000e+02,5.000000000000000000e+01,3.010610000000011155e+01,5.247999999999999687e+01,-2.479999999999996874e+00
4.380000000000000000e+02,5.000000000000000000e+01,2.985810000000010689e+01,5.247999999999999687e+01,-2.479999999999996874e+00
4.390000000000000000e+02,5.000000000000000000e+01,2.961010000000010223e+01,5.247999999999999687e+01,-2.479999999999996874e+00
4.400000000000000000e+02,5.000000000000000000e+01,3.000530000000003383e+01,5.244800000000000040e+01,-2.448000000000000398e+00
4.410000000000000000e+02,5.000000000000000000e+01,2.976050000000003593e+01,5.244800000000000040e+01,-2.448000000000000398e+00
4.420000000000000000e+02,5.000000000000000000e+01,2.951570000000003802e+01,5.244800000000000040e+01,-2.448000000000000398e+00
4.430000000000000000e+02,5.000000000000000000e+01,2.927090000000004011e+01,5.244800000000000040e+01,-2.448000000000000398e+00
4.440000000000000000e+02,5.000000000000000000e+01,3.031250000000004263e+01,5.238400000000000034e+01,-2.384000000000000341e+00
4.450000000000000000e+02,5.000000000000000000e+01,3.007410000000004402e+01,5.238400000000000034e+01,-2.384000000000000341e+00
4.460000000000000000e+02,5.000000000000000000e+01,2.790610000000010871e+01,5.247999999999999687e+01,-2.479999999999996874e+00
4.470000000000000000e+02,5.000000000000000000e+01,2.830130000000004031e+01,5.244800000000000040e+01,-2.448000000000000398e+00
4.480000000000000000e+02,5.000000000000000000e+01,2.934290000000004284e+01,5.238400000000000034e+01,-2.384000000000000341e+00
4.490000000000000000e+02,5.000000000000000000e+01,2.974770000000010839e+01,5.235199999999999676e+01,-2.351999999999996760e+00
4.500000000000000000e+02,5.000000000000000000e+01,3.210540000000005989e+01,5.222299999999999898e+01,-2.222999999999998977e+00
4.510000000000000000e+02,5.000000000000000000e+01,3.188310000000005573e+01,5.222299999999999898e+01,-2.222999999999998977e+00
4.520000000000000000e+02,5.000000000000000000e+01,3.232410000000008665e+01,5.218999999999999773e+01,-2.189999999999997726e+00
4.530000000000000000e+02,5.000000000000000000e+01,3.274830000000001462e+01,5.215800000000000125e+01,-2.158000000000001251e+00
4.540000000000000000e+02,5.000000000000000000e+01,3.253250000000001307e+01,5.215800000000000125e+01,-2.158000000000001251e+00
4.550000000000000000e+02,5.000000000000000000e+01,3.101020000000005439e+01,5.222299999999999898e+01,-2.222999999999998977e+00
4.560000000000000000e+02,5.000000000000000000e+01,3.014469999999998606e+01,5.225500000000000256e+01,-2.255000000000002558e+00
4.570000000000000000e+02,5.000000000000000000e+01,3.122570000000008861e+01,5.218999999999999773e+01,-2.189999999999997726e+00
4.580000000000000000e+02,5.000000000000000000e+01,3.164990000000001658e+01,5.215800000000000125e+01,-2.158000000000001251e+00
4.590000000000000000e+02,5.000000000000000000e+01,3.012760000000005789e+01,5.222299999999999898e+01,-2.222999999999998977e+00
4.600000000000000000e+02,5.000000000000000000e+01,2.926209999999998956e+01,5.225500000000000256e+01,-2.255000000000002558e+00
4.610000000000000000e+02,5.000000000000000000e+01,2.839340000000005659e+01,5.228699999999999903e+01,-2.286999999999999034e+00
4.620000000000000000e+02,5.000000000000000000e+01,3.011440000000008865e+01,5.218999999999999773e+01,-2.189999999999997726e+00
4.630000000000000000e+02,5.000000000000000000e+01,2.794570000000005905e+01,5.228699999999999903e+01,-2.286999999999999034e+00
4.640000000000000000e+02,5.000000000000000000e+01,2.966670000000009111e+01,5.218999999999999773e+01,-2.189999999999997726e+00
4.650000000000000000e+02,5.000000000000000000e+01,2.814119999999999777e+01,5.225500000000000256e+01,-2.255000000000002558e+00
4.660000000000000000e+02,5.000000000000000000e+01,2.986540000000002237e+01,5.215800000000000125e+01,-2.158000000000001251e+00
4.670000000000000000e+02,5.000000000000000000e+01,2.900640000000009877e+01,5.218999999999999773e+01,-2.189999999999997726e+00
4.680000000000000000e+02,5.000000000000000000e+01,3.007380000000010511e+01,5.212599999999999767e+01,-2.125999999999997669e+00
4.690000000000000000e+02,5.000000000000000000e+01,3.050440000000003238e+01,5.209400000000000119e+01,-2.094000000000001194e+00
4.700000000000000000e+02,5.000000000000000000e+01,3.224470000000005143e+01,5.199699999999999989e+01,-1.996999999999999886e+00
4.710000000000000000e+02,5.000000000000000000e+01,3.268819999999998061e+01,5.196500000000000341e+01,-1.965000000000003411e+00
4.720000000000000000e+02,5.000000000000000000e+01,3.444140000000000157e+01,5.186800000000000210e+01,-1.868000000000002103e+00
4.730000000000000000e+02,5.000000000000000000e+01,3.361140000000007433e+01,5.189999999999999858e+01,-1.899999999999998579e+00
4.740000000000000000e+02,5.000000000000000000e+01,3.601430000000003417e+01,5.177100000000000080e+01,-1.771000000000000796e+00
4.750000000000000000e+02,5.000000000000000000e+01,3.517390000000000327e+01,5.180400000000000205e+01,-1.804000000000002046e+00
4.760000000000000000e+02,5.000000000000000000e+01,3.758640000000009707e+01,5.167499999999999716e+01,-1.674999999999997158e+00
4.770000000000000000e+02,5.000000000000000000e+01,3.936859999999998649e+01,5.157800000000000296e+01,-1.578000000000002956e+00
4.780000000000000000e+02,5.000000000000000000e+01,4.049719999999999231e+01,5.151400000000000290e+01,-1.514000000000002899e+00
4.790000000000000000e+02,5.000000000000000000e+01,4.034579999999999700e+01,5.151400000000000290e+01,-1.514000000000002899e+00
4.800000000000000000e+02,5.000000000000000000e+01,4.085770000000002256e+01,5.148100000000000165e+01,-1.481000000000001648e+00
4.810000000000000000e+02,5.000000000000000000e+01,4.135280000000008727e+01,5.144899999999999807e+01,-1.448999999999998067e+00
4.820000000000000000e+02,5.000000000000000000e+01,4.380080000000003793e+01,5.132000000000000028e+01,-1.320000000000000284e+00
4.830000000000000000e+02,5.000000000000000000e+01,4.431200000000011130e+01,5.128799999999999670e+01,-1.287999999999996703e+00
4.840000000000000000e+02,5.000000000000000000e+01,4.546960000000011348e+01,5.122399999999999665e+01,-1.223999999999996646e+00
4.850000000000000000e+02,5.000000000000000000e+01,4.601049999999999329e+01,5.119100000000000250e+01,-1.191000000000002501e+00
4.860000000000000000e+02,5.000000000000000000e+01,4.653460000000006858e+01,5.115899999999999892e+01,-1.158999999999998920e+00
4.870000000000000000e+02,5.000000000000000000e+01,4.706189999999999429e+01,5.112700000000000244e+01,-1.127000000000002444e+00
4.880000000000000000e+02,5.000000000000000000e+01,4.759240000000006887e+01,5.109499999999999886e+01,-1.094999999999998863e+00
4.890000000000000000e+02,5.000000000000000000e+01,4.619650000000007140e+01,5.115899999999999892e+01,-1.158999999999998920e+00
4.900000000000000000e+02,5.000000000000000000e+01,4.867350000000003263e+01,5.103000000000000114e+01,-1.030000000000001137e+00
4.910000000000000000e+02,5.000000000000000000e+01,4.790720000000000312e+01,5.106300000000000239e+01,-1.063000000000002387e+00
4.920000000000000000e+02,5.000000000000000000e+01,4.910740000000009786e+01,5.099799999999999756e+01,-9.979999999999975557e-01
4.930000000000000000e+02,5.000000000000000000e+01,4.965080000000003224e+01,5.096600000000000108e+01,-9.660000000000010800e-01
4.940000000000000000e+02,5.000000000000000000e+01,5.150390000000005841e+01,5.086899999999999977e+01,-8.689999999999997726e-01
4.950000000000000000e+02,5.000000000000000000e+01,5.270340000000005887e+01,5.080499999999999972e+01,-8.049999999999997158e-01
4.960000000000000000e+02,5.000000000000000000e+01,5.392940000000001532e+01,5.074000000000000199e+01,-7.400000000000019895e-01
4.970000000000000000e+02,5.000000000000000000e+01,5.644830000000011694e+01,5.061099999999999710e+01,-6.109999999999971010e-01
4.980000000000000000e+02,5.000000000000000000e+01,5.767360000000012121e+01,5.054699999999999704e+01,-5.469999999999970441e-01
4.990000000000000000e+02,5.000000000000000000e+01,5.697570000000004597e+01,5.057900000000000063e+01,-5.790000000000006253e-01
5.000000000000000000e+02,5.000000000000000000e+01,5.691780000000004236e+01,5.057900000000000063e+01,-5.790000000000006253e-01
5.010000000000000000e+02,5.000000000000000000e+01,5.491020000000001744e+01,5.067600000000000193e+01,-6.760000000000019327e-01
5.020000000000000000e+02,5.000000000000000000e+01,5.743550000000011835e+01,5.054699999999999704e+01,-5.469999999999970441e-01
5.030000000000000000e+02,5.000000000000000000e+01,5.738080000000012149e+01,5.054699999999999704e+01,-5.469999999999970441e-01
5.040000000000000000e+02,5.000000000000000000e+01,5.668290000000004625e+01,5.057900000000000063e+01,-5.790000000000006253e-01
5.050000000000000000e+02,5.000000000000000000e+01,5.598180000000012058e+01,5.061099999999999710e+01,-6.109999999999971010e-01
5.060000000000000000e+02,5.000000000000000000e+01,5.720710000000012485e+01,5.054699999999999704e+01,-5.469999999999970441e-01
5.070000000000000000e+02,5.000000000000000000e+01,5.715240000000012799e+01,5.054699999999999704e+01,-5.469999999999970441e-01
5.080000000000000000e+02,5.000000000000000000e+01,5.581130000000013069e+01,5.061099999999999710e+01,-6.109999999999971010e-01
5.090000000000000000e+02,5.000000000000000000e+01,5.703660000000013497e+01,5.054699999999999704e+01,-5.469999999999970441e-01
5.100000000000000000e+02,5.000000000000000000e+01,5.828840000000009525e+01,5.048199999999999932e+01,-4.819999999999993179e-01
5.110000000000000000e+02,5.000000000000000000e+01,5.888340000000002306e+01,5.045000000000000284e+01,-4.500000000000028422e-01
5.120000000000000000e+02,5.000000000000000000e+01,5.883840000000002135e+01,5.045000000000000284e+01,-4.500000000000028422e-01
5.130000000000000000e+02,5.000000000000000000e+01,5.815020000000009759e+01,5.048199999999999932e+01,-4.819999999999993179e-01
5.140000000000000000e+02,5.000000000000000000e+01,5.810200000000010334e+01,5.048199999999999932e+01,-4.819999999999993179e-01
5.150000000000000000e+02,5.000000000000000000e+01,5.674730000000015195e+01,5.054699999999999704e+01,-5.469999999999970441e-01
5.160000000000000000e+02,5.000000000000000000e+01,5.669260000000015509e+01,5.054699999999999704e+01,-5.469999999999970441e-01
5.170000000000000000e+02,5.000000000000000000e+01,5.599470000000007985e+01,5.057900000000000063e+01,-5.790000000000006253e-01
5.180000000000000000e+02,5.000000000000000000e+01,5.593680000000007624e+01,5.057900000000000063e+01,-5.790000000000006253e-01
5.190000000000000000e+02,5.000000000000000000e+01,5.133630000000009375e+01,5.080499999999999972e+01,-8.049999999999997158e-01
5.200000000000000000e+02,5.000000000000000000e+01,5.061260000000001469e+01,5.083700000000000330e+01,-8.370000000000032969e-01
5.210000000000000000e+02,5.000000000000000000e+01,5.052890000000002146e+01,5.083700000000000330e+01,-8.370000000000032969e-01
5.220000000000000000e+02,5.000000000000000000e+01,4.915880000000001360e+01,5.090100000000000335e+01,-9.010000000000033538e-01
5.230000000000000000e+02,5.000000000000000000e+01,4.840540000000012810e+01,5.093399999999999750e+01,-9.339999999999974989e-01
5.240000000000000000e+02,5.000000000000000000e+01,4.702560000000012508e+01,5.099799999999999756e+01,-9.979999999999975557e-01
5.250000000000000000e+02,5.000000000000000000e+01,4.561930000000002394e+01,5.106300000000000239e+01,-1.063000000000002387e+00
5.260000000000000000e+02,5.000000000000000000e+01,4.551300000000001944e+01,5.106300000000000239e+01,-1.063000000000002387e+00
5.270000000000000000e+02,5.000000000000000000e+01,4.412030000000001451e+01,5.112700000000000244e+01,-1.127000000000002444e+00
5.280000000000000000e+02,5.000000000000000000e+01,4.272120000000001028e+01,5.119100000000000250e+01,-1.191000000000002501e+00
5.290000000000000000e+02,5.000000000000000000e+01,4.193880000000012842e+01,5.122399999999999665e+01,-1.223999999999996646e+00
5.300000000000000000e+02,5.000000000000000000e+01,4.181640000000012947e+01,5.122399999999999665e+01,-1.223999999999996646e+00
5.310000000000000000e+02,5.000000000000000000e+01,4.235730000000000928e+01,5.119100000000000250e+01,-1.191000000000002501e+00
5.320000000000000000e+02,5.000000000000000000e+01,4.157490000000012742e+01,5.122399999999999665e+01,-1.223999999999996646e+00
5.330000000000000000e+02,5.000000000000000000e+01,3.952290000000004966e+01,5.132000000000000028e+01,-1.320000000000000284e+00
5.340000000000000000e+02,5.000000000000000000e+01,3.939090000000004466e+01,5.132000000000000028e+01,-1.320000000000000284e+00
5.350000000000000000e+02,5.000000000000000000e+01,3.925890000000003965e+01,5.132000000000000028e+01,-1.320000000000000284e+00
5.360000000000000000e+02,5.000000000000000000e+01,3.522749999999999204e+01,5.151400000000000290e+01,-1.514000000000002899e+00
5.370000000000000000e+02,5.000000000000000000e+01,3.638260000000008176e+01,5.144899999999999807e+01,-1.448999999999998067e+00
5.380000000000000000e+02,5.000000000000000000e+01,3.493119999999998981e+01,5.151400000000000290e+01,-1.514000000000002899e+00
5.390000000000000000e+02,5.000000000000000000e+01,3.544310000000001537e+01,5.148100000000000165e+01,-1.481000000000001648e+00
5.400000000000000000e+02,5.000000000000000000e+01,3.463169999999999504e+01,5.151400000000000290e+01,-1.514000000000002899e+00
5.410000000000000000e+02,5.000000000000000000e+01,3.383710000000006346e+01,5.154599999999999937e+01,-1.545999999999999375e+00
5.420000000000000000e+02,5.000000000000000000e+01,3.432569999999999766e+01,5.151400000000000290e+01,-1.514000000000002899e+00
5.430000000000000000e+02,5.000000000000000000e+01,3.417430000000000234e+01,5.151400000000000290e+01,-1.514000000000002899e+00
5.440000000000000000e+02,5.000000000000000000e+01,3.143000000000004945e+01,5.164300000000000068e+01,-1.643000000000000682e+00
5.450000000000000000e+02,5.000000000000000000e+01,3.192900000000007310e+01,5.160999999999999943e+01,-1.609999999999999432e+00
5.460000000000000000e+02,5.000000000000000000e+01,3.046150000000012170e+01,5.167499999999999716e+01,-1.674999999999997158e+00
5.470000000000000000e+02,5.000000000000000000e+01,3.029400000000012483e+01,5.167499999999999716e+01,-1.674999999999997158e+00
5.480000000000000000e+02,5.000000000000000000e+01,3.076970000000005712e+01,5.164300000000000068e+01,-1.643000000000000682e+00
5.490000000000000000e+02,5.000000000000000000e+01,2.996220000000013073e+01,5.167499999999999716e+01,-1.674999999999997158e+00
5.500000000000000000e+02,5.000000000000000000e+01,3.110120000000008389e+01,5.160999999999999943e+01,-1.609999999999999432e+00
5.510000000000000000e+02,5.000000000000000000e+01,2.899050000000005411e+01,5.170700000000000074e+01,-1.707000000000000739e+00
5.520000000000000000e+02,5.000000000000000000e+01,2.817660000000012133e+01,5.173899999999999721e+01,-1.738999999999997215e+00
5.530000000000000000e+02,5.000000000000000000e+01,2.928910000000012559e+01,5.167499999999999716e+01,-1.674999999999997158e+00
5.540000000000000000e+02,5.000000000000000000e+01,2.976480000000005788e+01,5.164300000000000068e+01,-1.643000000000000682e+00
5.550000000000000000e+02,5.000000000000000000e+01,3.090700000000001069e+01,5.157800000000000296e+01,-1.578000000000002956e+00
5.560000000000000000e+02,5.000000000000000000e+01,2.944270000000005894e+01,5.164300000000000068e+01,-1.643000000000000682e+00
5.570000000000000000e+02,5.000000000000000000e+01,2.863520000000013255e+01,5.167499999999999716e+01,-1.674999999999997158e+00
5.580000000000000000e+02,5.000000000000000000e+01,2.977420000000008571e+01,5.160999999999999943e+01,-1.609999999999999432e+00
5.590000000000000000e+02,5.000000000000000000e+01,3.025640000000001351e+01,5.157800000000000296e+01,-1.578000000000002956e+00
5.600000000000000000e+02,5.000000000000000000e+01,3.009860000000001179e+01,5.157800000000000296e+01,-1.578000000000002956e+00
5.610000000000000000e+02,5.000000000000000000e+01,3.058400000000008134e+01,5.154599999999999937e+01,-1.545999999999999375e+00
5.620000000000000000e+02,5.000000000000000000e+01,3.042940000000007927e+01,5.154599999999999937e+01,-1.545999999999999375e+00
5.630000000000000000e+02,5.000000000000000000e+01,2.963160000000000593e+01,5.157800000000000296e+01,-1.578000000000002956e+00
5.640000000000000000e+02,5.000000000000000000e+01,3.076020000000000465e+01,5.151400000000000290e+01,-1.514000000000002899e+00
5.650000000000000000e+02,5.000000000000000000e+01,3.255850000000003064e+01,5.141700000000000159e+01,-1.417000000000001592e+00
5.660000000000000000e+02,5.000000000000000000e+01,3.241680000000003048e+01,5.141700000000000159e+01,-1.417000000000001592e+00
5.670000000000000000e+02,5.000000000000000000e+01,3.486800000000013000e+01,5.128799999999999670e+01,-1.287999999999996703e+00
5.680000000000000000e+02,5.000000000000000000e+01,3.602560000000013218e+01,5.122399999999999665e+01,-1.223999999999996646e+00
5.690000000000000000e+02,5.000000000000000000e+01,3.397360000000006153e+01,5.132000000000000028e+01,-1.320000000000000284e+00
5.700000000000000000e+02,5.000000000000000000e+01,3.512800000000006406e+01,5.125600000000000023e+01,-1.256000000000000227e+00
5.710000000000000000e+02,5.000000000000000000e+01,3.435920000000013630e+01,5.128799999999999670e+01,-1.287999999999996703e+00
5.720000000000000000e+02,5.000000000000000000e+01,3.618010000000001725e+01,5.119100000000000250e+01,-1.191000000000002501e+00
5.730000000000000000e+02,5.000000000000000000e+01,3.606100000000001415e+01,5.119100000000000250e+01,-1.191000000000002501e+00
5.740000000000000000e+02,5.000000000000000000e+01,3.594190000000001106e+01,5.119100000000000250e+01,-1.191000000000002501e+00
5.750000000000000000e+02,5.000000000000000000e+01,3.905890000000003681e+01,5.103000000000000114e+01,-1.030000000000001137e+00
5.760000000000000000e+02,5.000000000000000000e+01,4.088550000000010698e+01,5.093399999999999750e+01,-9.339999999999974989e-01
5.770000000000000000e+02,5.000000000000000000e+01,4.209860000000006153e+01,5.086899999999999977e+01,-8.689999999999997726e-01
5.780000000000000000e+02,5.000000000000000000e+01,4.136849999999999028e+01,5.090100000000000335e+01,-9.010000000000033538e-01
5.790000000000000000e+02,5.000000000000000000e+01,4.192160000000006193e+01,5.086899999999999977e+01,-8.689999999999997726e-01
5.800000000000000000e+02,5.000000000000000000e+01,4.119149999999999068e+01,5.090100000000000335e+01,-9.010000000000033538e-01
5.810000000000000000e+02,5.000000000000000000e+01,4.043810000000010518e+01,5.093399999999999750e+01,-9.339999999999974989e-01
5.820000000000000000e+02,5.000000000000000000e+01,4.165120000000005973e+01,5.086899999999999977e+01,-8.689999999999997726e-01
5.830000000000000000e+02,5.000000000000000000e+01,4.156430000000005975e+01,5.086899999999999977e+01,-8.689999999999997726e-01
5.840000000000000000e+02,5.000000000000000000e+01,4.212059999999998894e+01,5.083700000000000330e+01,-8.370000000000032969e-01
5.850000000000000000e+02,5.000000000000000000e+01,4.268010000000005988e+01,5.080499999999999972e+01,-8.049999999999997158e-01
5.860000000000000000e+02,5.000000000000000000e+01,4.259960000000005920e+01,5.080499999999999972e+01,-8.049999999999997158e-01
5.870000000000000000e+02,5.000000000000000000e+01,4.318240000000008649e+01,5.077199999999999847e+01,-7.719999999999984652e-01
5.880000000000000000e+02,5.000000000000000000e+01,4.439160000000008921e+01,5.070799999999999841e+01,-7.079999999999984084e-01
5.890000000000000000e+02,5.000000000000000000e+01,4.627050000000011210e+01,5.061099999999999710e+01,-6.109999999999971010e-01
5.900000000000000000e+02,5.000000000000000000e+01,4.620940000000011594e+01,5.061099999999999710e+01,-6.109999999999971010e-01
5.910000000000000000e+02,5.000000000000000000e+01,4.614830000000011978e+01,5.061099999999999710e+01,-6.109999999999971010e-01
5.920000000000000000e+02,5.000000000000000000e+01,4.673040000000004568e+01,5.057900000000000063e+01,-5.790000000000006253e-01
5.930000000000000000e+02,5.000000000000000000e+01,4.795890000000004960e+01,5.051500000000000057e+01,-5.150000000000005684e-01
5.940000000000000000e+02,5.000000000000000000e+01,4.790740000000005239e+01,5.051500000000000057e+01,-5.150000000000005684e-01
5.950000000000000000e+02,5.000000000000000000e+01,5.044880000000000564e+01,5.038600000000000279e+01,-3.860000000000027853e-01
5.960000000000000000e+02,5.000000000000000000e+01,5.105340000000007450e+01,5.035399999999999920e+01,-3.539999999999992042e-01
5.970000000000000000e+02,5.000000000000000000e+01,5.168130000000009971e+01,5.032099999999999795e+01,-3.209999999999979536e-01
5.980000000000000000e+02,5.000000000000000000e+01,5.357880000000002951e+01,5.022500000000000142e+01,-2.250000000000014211e-01
5.990000000000000000e+02,5.000000000000000000e+01,5.355630000000002866e+01,5.022500000000000142e+01,-2.250000000000014211e-01
6.000000000000000000e+02,5.000000000000000000e+01,5.548350000000005622e+01,5.012800000000000011e+01,-1.280000000000001137e-01
